r_tgt_b = [6448.56256434 2548.08754276 0]
v_tgt_b = [-2.78632635 7.05148839 0]

v_0 = [7.01416749 4.40979041 0.0713288]
v = [-7.23447588 -4.0398131 -0.05142939]

delv_a = [11.87894649 -1.40669559 -0.1688342]
delv_b = [5.27210388 11.3634871 0.05142939]

r_p = 6593.678292848708
NO collision