1.950347017
1.949423897
1.948500777
1.947577656
1.946642231
1.945718473
1.944794714
1.943870956
1.942290593
1.941365782
1.940440971
1.939516159
1.938591348
1.937666536
1.936741725
1.935816913
1.934892102
1.933042479
1.932116277
1.931190075
1.930263872
1.92933767
1.928411468
1.927485265
1.926559063
1.925632861
1.924706659
1.923780456
1.922852912
1.921925367
1.920997822
1.920070277
1.919142733
1.918215188
1.917287643
1.916360098
1.914505009
1.913576169
1.912647329
1.911718489
1.91078965
1.90986081
1.90893197
1.90800313
1.90707429
1.90521661
1.904286522
1.903356433
1.902426344
1.901496256
1.900566167
1.899636078
1.89870599
1.897775901
1.896845812
1.895915724
1.894984432
1.894053139
1.893121847
1.892190555
1.891259263
1.890327971
1.889396679
1.888465386
1.886602802
1.885670351
1.8847379
1.883805449
1.882872998
1.881940547
1.881008095
1.880075644
1.879143193
1.878210742
1.87727829
1.876344723
1.875411157
1.87447759
1.873544023
1.872610456
1.871676889
1.870743323
1.869809756
1.867942623
1.867007983
1.866073344
1.865138704
1.864204065
1.863269425
1.862334786
1.861400146
1.860465506
1.859530867
1.858596227
1.857660556
1.856724885
1.855789215
1.854853544
1.853917873
1.852982203
1.852046532
1.851110861
1.84923952
1.84830286
1.847366199
1.846429539
1.845492878
1.844556217
1.843619557
1.842682896
1.841746236
1.840809575
1.839872914
1.838935304
1.837997694
1.837060084
1.836122473
1.835184863
1.834247253
1.833309642
1.832372032
1.830496812
1.829558292
1.828619771
1.827681251
1.826742731
1.82580421
1.82486569
1.82392717
1.82298865
1.821111609
1.820172218
1.819232826
1.818293435
1.817354044
1.816414652
1.815475261
1.814535869
1.813596478
1.812657087
1.811717695
1.810777471
1.809837247
1.808897022
1.807956798
1.807016574
1.80607635
1.805136125
1.804195901
1.802315453
1.801374433
1.800433414
1.799492395
1.798551375
1.797610356
1.796669336
1.795728317
1.794787298
1.792905259
1.791963481
1.791021704
1.790079926
1.789138149
1.788196371
1.787254594
1.786312816
1.785371039
1.784429261
1.783487484
1.782544984
1.781602485
1.780659986
1.779717487
1.778774988
1.777832489
1.77688999
1.77594749
1.774062492
1.773119308
1.772176123
1.771232938
1.770289753
1.769346569
1.768403384
1.767460199
1.766517014
1.764630645
1.76368681
1.762742975
1.76179914
1.760855305
1.759911471
1.758967636
1.758023801
1.757079966
1.756136131
1.755192296
1.754247846
1.753303396
1.752358946
1.751414496
1.750470046
1.749525596
1.748581146
1.747636697
1.746692247
1.745747796
1.744802765
1.743857735
1.742912704
1.741967673
1.741022643
1.740077612
1.739132582
1.738187551
1.73629749
1.735351913
1.734406336
1.733460759
1.732515182
1.731569605
1.730624028
1.729678451
1.728732874
1.727787297
1.72684172
1.72589563
1.72494954
1.72400345
1.723057361
1.722111271
1.721165181
1.720219091
1.719273002
1.717380822
1.716434253
1.715487684
1.714541115
1.713594546
1.712647977
1.711701408
1.710754839
1.70980827
1.707915132
1.706968116
1.706021101
1.705074086
1.70412707
1.703180055
1.70223304
1.701286024
1.700339009
1.699391994
1.698444978
1.697497549
1.69655012
1.695602691
1.694655262
1.693707833
1.692760404
1.691812975
1.690865546
1.688970689
1.688022878
1.687075068
1.686127258
1.685179448
1.684231638
1.683283828
1.682336017
1.681388207
1.679492587
1.678544428
1.677596269
1.676648109
1.67569995
1.674751791
1.673803632
1.672855473
1.671907313
1.670959154
1.670010995
1.669062519
1.668114042
1.667165566
1.666217089
1.665268613
1.664320136
1.66337166
1.662423184
1.660526231
1.659577469
1.658628707
1.657679945
1.656731183
1.655782421
1.654833659
1.653884897
1.652936135
1.651038612
1.650089596
1.64914058
1.648191564
1.647242548
1.646293532
1.645344516
1.6443955
1.643446484
1.642497468
1.641548452
1.640599213
1.639649974
1.638700735
1.637751496
1.636802257
1.635853019
1.63490378
1.633954541
1.632056063
1.631106633
1.630157202
1.629207772
1.628258342
1.627308911
1.626359481
1.62541005
1.62446062
1.623511189
1.622561758
1.621612167
1.620662575
1.619712984
1.618763392
1.617813801
1.61686421
1.615914618
1.614965027
1.613065845
1.612116124
1.611166403
1.610216682
1.60926696
1.608317239
1.607367518
1.606417797
1.605468076
1.604518355
1.603568633
1.602618812
1.601668992
1.600719172
1.599769351
1.598819531
1.597869711
1.59691989
1.59597007
1.594070429
1.59312054
1.592170651
1.591220763
1.590270874
1.589320985
1.588371096
1.587421207
1.586471319
1.58552143
1.584571541
1.583621614
1.582671687
1.581721761
1.580771834
1.579821907
1.57887198
1.577922054
1.576972127
1.575072274
1.57412234
1.573172406
1.572222472
1.571272538
1.570322604
1.56937267
1.568422736
1.567472802
1.565572934
1.564623024
1.563673113
1.562723202
1.561773292
1.560823381
1.559873471
1.55892356
1.557973649
1.557023739
1.556073828
1.555123971
1.554174115
1.553224258
1.552274401
1.551324545
1.550374688
1.549424831
1.548474974
1.546575261
1.545625489
1.544675717
1.543725945
1.542776173
1.541826401
1.540876628
1.539926856
1.538977084
1.538027312
1.53707754
1.536127883
1.535178226
1.534228569
1.533278912
1.532329255
1.531379599
1.530429942
1.529480285
1.527580971
1.52663146
1.525681949
1.524732438
1.523782927
1.522833417
1.521883906
1.520934395
1.519984884
1.518085862
1.517136528
1.516187194
1.51523786
1.514288527
1.513339193
1.512389859
1.511440525
1.510491191
1.509541857
1.508592522
1.507643396
1.50669427
1.505745143
1.504796017
1.503846891
1.502897765
1.501948638
1.500999512
1.49910126
1.498152373
1.497203486
1.496254599
1.495305712
1.494356825
1.493407937
1.49245905
1.491510163
1.490561276
1.489612388
1.488663771
1.487715154
1.486766537
1.48581792
1.484869303
1.483920686
1.482972069
1.482023452
1.480126218
1.479177903
1.478229588
1.477281272
1.476332957
1.475384642
1.474436327
1.473488012
1.472539696
1.471591381
1.470643065
1.469695083
1.468747101
1.467799119
1.466851137
1.465903155
1.464955173
1.464007191
1.463059209
1.461163246
1.460215629
1.459268012
1.458320396
1.457372779
1.456425162
1.455477546
1.454529929
1.453582312
1.452634695
1.451687079
1.450739859
1.44979264
1.448845421
1.447898201
1.446950982
1.446003763
1.445056544
1.444109324
1.442214886
1.441268096
1.440321307
1.439374517
1.438427728
1.437480938
1.436534149
1.435587359
1.43464057
1.432746991
1.431800664
1.430854337
1.42990801
1.428961683
1.428015357
1.42706903
1.426122703
1.425176376
1.424230049
1.423283722
1.422337891
1.421392059
1.420446228
1.419500397
1.418554565
1.417608734
1.416662902
1.415717071
1.413825409
1.412880106
1.411934804
1.410989502
1.410044199
1.409098897
1.408153594
1.407208292
1.40626299
1.404372385
1.403427646
1.402482906
1.401538166
1.400593427
1.399648687
1.398703948
1.397759208
1.396814468
1.395869729
1.394924989
1.393980846
1.393036704
1.392092561
1.391148418
1.390204275
1.389260133
1.38831599
1.387371847
1.385483562
1.384540051
1.38359654
1.382653029
1.381709517
1.380766006
1.379822495
1.378878984
1.377935473
1.376991962
1.37604845
1.375105605
1.37416276
1.373219915
1.372277071
1.371334226
1.370391381
1.369448536
1.368505691
1.366620003
1.36567786
1.364735717
1.363793575
1.362851432
1.361909289
1.360967147
1.360025004
1.359082862
1.358140719
1.357198576
1.356257171
1.355315766
1.354374361
1.353432957
1.352491552
1.351550147
1.350608743
1.349667338
1.347784529
1.346843899
1.345903268
1.344962638
1.344022008
1.343081378
1.342140748
1.341200118
1.340259488
1.339318858
1.338378227
1.337438409
1.33649859
1.335558772
1.334618953
1.333679135
1.332739316
1.331799498
1.330859679
1.328980043
1.328041073
1.327102104
1.326163135
1.325224166
1.324285197
1.323346228
1.322407258
1.321468289
1.319590351
1.31865227
1.317714188
1.316776107
1.315838025
1.314899944
1.313961862
1.31302378
1.312085699
1.311147617
1.310209536
1.309272381
1.308335226
1.307398071
1.306460916
1.305523761
1.304586606
1.303649451
1.302712296
1.300837987
1.299901798
1.298965609
1.29802942
1.297093232
1.296157043
1.295220854
1.294284665
1.293348477
1.291476099
1.290540917
1.289605735
1.288670553
1.287735371
1.286800189
1.285865007
1.284929824
1.283994642
1.28305946
1.282124278
1.281190143
1.280256009
1.279321874
1.27838774
1.277453605
1.276519471
1.275585336
1.274651202
1.272782933
1.271849888
1.270916843
1.269983798
1.269050753
1.268117708
1.267184663
1.266251618
1.265318573
1.263452483
1.262520571
1.261588658
1.260656745
1.259724833
1.25879292
1.257861007
1.256929094
1.255997182
1.255065269
1.254133356
1.253202619
1.252271882
1.251341145
1.250410408
1.249479671
1.248548934
1.247618197
1.24668746
1.244825987
1.24389647
1.242966953
1.242037437
1.24110792
1.240178403
1.239248887
1.23831937
1.237389853
1.236460337
1.235530819
1.234602568
1.233674317
1.232746066
1.231817814
1.230889563
1.229961312
1.229033061
1.22810481
1.227176559
1.226248307
1.225321368
1.224394429
1.223467489
1.22254055
1.221613611
1.220686671
1.219759732
1.218832793
1.216978914
1.216053334
1.215127754
1.214202174
1.213276594
1.212351014
1.211425434
1.210499854
1.209574274
1.207723114
1.206798941
1.205874769
1.204950597
1.204026424
1.203102252
1.202178079
1.201253907
1.200329734
1.199405562
1.198481389
1.197558674
1.196635959
1.195713243
1.194790528
1.193867813
1.192945097
1.192022382
1.191099667
1.189254236
1.188333029
1.187411821
1.186490613
1.185569406
1.184648198
1.183726991
1.182805783
1.181884575
1.18004216
1.179122512
1.178202864
1.177283216
1.176363568
1.17544392
1.174524272
1.173604624
1.172684976
1.171765328
1.17084568
1.169927645
1.169009609
1.168091574
1.167173538
1.166255503
1.165337467
1.164419432
1.163501397
1.161665326
1.160748957
1.159832589
1.15891622
1.157999852
1.157083484
1.156167115
1.155250747
1.154334378
1.15341801
1.152501641
1.151586995
1.150672349
1.149757704
1.148843058
1.147928412
1.147013766
1.14609912
1.145184474
1.143355183
1.142442317
1.141529451
1.140616584
1.139703718
1.138790852
1.137877986
1.13696512
1.136052254
1.134226522
1.133315494
1.132404466
1.131493438
1.13058241
1.129671383
1.128760355
1.127849327
1.126938299
1.126027271
1.125116243
1.124207113
1.123297983
1.122388854
1.121479724
1.120570594
1.119661465
1.118752335
1.117843205
1.116024946
1.115117777
1.114210607
1.113303437
1.112396268
1.111489098
1.110581928
1.109674758
1.108767589
1.107860419
1.106953248
1.106048102
1.105142955
1.104237808
1.103332661
1.102427514
1.101522368
1.100617221
1.099712074
1.097901781
1.096998722
1.096095663
1.095192605
1.094289546
1.093386487
1.092483428
1.09158037
1.090677311
1.089774252
1.088871193
1.087970288
1.087069384
1.08616848
1.085267576
1.084366671
1.083465767
1.082564863
1.081663958
1.07986215
1.078963469
1.078064788
1.077166106
1.076267425
1.075368744
1.074470063
1.073571382
1.0726727
1.071774019
1.070875338
1.06997895
1.069082562
1.068186174
1.067289786
1.066393398
1.06549701
1.064600623
1.063704235
1.061911459
1.061017437
1.060123415
1.059229392
1.05833537
1.057441348
1.056547326
1.055653304
1.054759281
1.052971237
1.052079655
1.051188073
1.05029649
1.049404908
1.048513326
1.047621744
1.046730162
1.045838579
1.044946997
1.044055415
1.043166349
1.042277283
1.041388218
1.040499152
1.039610086
1.03872102
1.037831954
1.036942889
1.035164757
1.034278287
1.033391816
1.032505345
1.031618874
1.030732404
1.029845933
1.028959462
1.028072992
1.02630005
1.025416255
1.024532461
1.023648666
1.022764871
1.021881077
1.020997282
1.020113487
1.019229692
1.018345898
1.017462103
1.016581067
1.015700032
1.014818996
1.013937961
1.013056925
1.012175889
1.011294854
1.010413818
1.008651747
1.007773557
1.006895366
1.006017176
1.005138985
1.004260795
1.003382604
1.002504413
1.001626223
1.000748032
0.999869841
0.998994583
0.998119326
0.997244068
0.996368811
0.995493553
0.994618296
0.993743038
0.99286778
0.991117266
0.990245032
0.989372799
0.988500565
0.987628332
0.986756098
0.985883865
0.985011631
0.984139398
0.983267164
0.98239493
0.981525814
0.980656698
0.979787582
0.978918466
0.97804935
0.977180234
0.976311118
0.975442002
0.97370377
0.972837868
0.971971966
0.971106064
0.970240161
0.969374259
0.968508357
0.967642455
0.966776553
0.965910651
0.965044748
0.964182159
0.96331957
0.962456982
0.961594393
0.960731804
0.959869215
0.959006626
0.958144037
0.956418859
0.955559685
0.954700512
0.953841338
0.952982165
0.952122991
0.951263818
0.950404644
0.949545471
0.947827124
0.946971471
0.946115819
0.945260166
0.944404514
0.943548861
0.942693209
0.941837556
0.940981904
0.940126251
0.939270598
0.938418575
0.937566552
0.936714529
0.935862506
0.935010484
0.934158461
0.933306438
0.932454415
0.930750369
0.929902087
0.929053806
0.928205525
0.927357243
0.926508962
0.92566068
0.924812399
0.923964118
0.922267555
0.921423131
0.920578706
0.919734282
0.918889858
0.918045434
0.917201009
0.916356585
0.915512161
0.914667736
0.913823312
0.912982864
0.912142416
0.911301967
0.910461519
0.909621071
0.908780623
0.907940175
0.907099727
0.90541883
0.904582481
0.903746132
0.902909783
0.902073433
0.901237084
0.900400735
0.899564385
0.898728036
0.897055338
0.896223214
0.89539109
0.894558966
0.893726843
0.892894719
0.892062595
0.891230471
0.890398347
0.889566224
0.8887341
0.887906332
0.887078564
0.886250796
0.885423029
0.884595261
0.883767493
0.882939725
0.882111958
0.880456422
0.879633145
0.878809868
0.877986591
0.877163314
0.876340037
0.87551676
0.874693483
0.873870206
0.873046929
0.872223651
0.871405003
0.870586356
0.869767708
0.86894906
0.868130413
0.867311765
0.866493117
0.86567447
0.864855822
0.864037174
0.863223299
0.862409424
0.861595549
0.860781674
0.859967799
0.859153924
0.858340049
0.857526174
0.855898424
0.85508947
0.854280515
0.85347156
0.852662606
0.851853651
0.851044696
0.850235741
0.849426787
0.847808877
0.847004995
0.846201113
0.845397231
0.844593349
0.843789467
0.842985585
0.842181703
0.84137782
0.840573938
0.839770056
0.838971404
0.838172751
0.837374098
0.836575446
0.835776793
0.834978141
0.834179488
0.833380836
0.831783531
0.83099027
0.830197009
0.829403747
0.828610486
0.827817225
0.827023964
0.826230703
0.825437442
0.82385092
0.823063217
0.822275515
0.821487812
0.82070011
0.819912407
0.819124704
0.818337002
0.817549299
0.816761596
0.815973894
0.815191921
0.814409949
0.813627977
0.812846005
0.812064033
0.811282061
0.810500089
0.809718116
0.808154172
0.807378108
0.806602044
0.805825979
0.805049915
0.804273851
0.803497787
0.802721722
0.801945658
0.801169594
0.80039353
0.799623556
0.798853582
0.798083609
0.797313635
0.796543662
0.795773688
0.795003715
0.794233741
0.792693794
0.791930099
0.791166405
0.79040271
0.789639016
0.788875321
0.788111627
0.787347932
0.786584238
0.785056849
0.784299628
0.783542406
0.782785185
0.782027964
0.781270742
0.780513521
0.7797563
0.778999079
0.778241857
0.777484635
0.776734087
0.775983539
0.77523299
0.774482442
0.773731893
0.772981345
0.772230797
0.771480248
0.769979152
0.769235482
0.768491813
0.767748144
0.767004474
0.766260805
0.765517135
0.764773466
0.764029796
0.763286127
0.762542457
0.761805878
0.761069299
0.76033272
0.759596142
0.758859563
0.758122984
0.757386405
0.756649826
0.755176669
0.754447399
0.753718129
0.752988858
0.752259588
0.751530318
0.750801048
0.750071778
0.749342508
0.748613238
0.747883968
0.747162231
0.746440494
0.745718757
0.744997019
0.744275282
0.743553545
0.742831808
0.742110071
0.740666597
0.739952624
0.73923865
0.738524677
0.737810703
0.73709673
0.736382756
0.735668783
0.734954809
0.733526863
0.73282089
0.732114917
0.731408944
0.730702971
0.729996999
0.729291026
0.728585053
0.72787908
0.727173107
0.726467135
0.725769406
0.725071677
0.724373949
0.72367622
0.722978491
0.722280763
0.721583034
0.720885305
0.719489848
0.718800614
0.718111379
0.717422145
0.716732911
0.716043676
0.715354442
0.714665207
0.713975973
0.713286739
0.712597504
0.71191702
0.711236537
0.710556053
0.709875569
0.709195086
0.708514602
0.707834119
0.707153635
0.705792668
0.705121198
0.704449728
0.703778259
0.703106789
0.702435319
0.701763849
0.70109238
0.70042091
0.699077971
0.698415785
0.697753598
0.697091412
0.696429226
0.69576704
0.695104854
0.694442668
0.693780482
0.693118296
0.69245611
0.691803483
0.691150857
0.690498231
0.689845604
0.689192978
0.688540352
0.687887725
0.687235099
0.685929847
0.685287063
0.684644279
0.684001495
0.683358711
0.682715928
0.682073144
0.68143036
0.680787576
0.680144792
0.679502008
0.678869356
0.678236703
0.677604051
0.676971398
0.676338746
0.675706093
0.675073441
0.674440788
0.673175484
0.672553258
0.671931032
0.671308807
0.670686581
0.670064355
0.669442129
0.668819904
0.668197678
0.667575452
0.666953226
0.666341728
0.66573023
0.665118733
0.664507235
0.663895737
0.663284239
0.662672741
0.662061243
0.660838248
0.660237785
0.659637322
0.65903686
0.658436397
0.657835934
0.657235471
0.656635009
0.656034546
0.655434083
0.65483362
0.654244505
0.653655391
0.653066276
0.652477161
0.651888046
0.651298931
0.650709816
0.650120701
0.648942472
0.648365023
0.647787574
0.647210125
0.646632676
0.646055228
0.645477779
0.64490033
0.644322881
0.643167984
0.642602524
0.642037064
0.641471605
0.640906145
0.640340686
0.639775226
0.639209767
0.638644307
0.638078847
0.637513388
0.636960245
0.636407103
0.63585396
0.635300818
0.634747675
0.634194533
0.63364139
0.633088247
0.631981963
0.631441469
0.630900976
0.630360482
0.629819989
0.629279496
0.628739002
0.628198509
0.627658015
0.626577029
0.62604952
0.625522012
0.624994503
0.624466995
0.623939487
0.623411978
0.62288447
0.622356962
0.621829453
0.621301945
0.62078776
0.620273576
0.619759392
0.619245207
0.618731023
0.618216838
0.617702654
0.61718847
0.616160101
0.615659582
0.615159064
0.614658545
0.614158026
0.613657508
0.613156989
0.61265647
0.612155952
0.611154915
0.610668405
0.610181896
0.609695387
0.609208878
0.608722369
0.608235859
0.60774935
0.607262841
0.606776332
0.606289823
0.605817668
0.605345513
0.604873358
0.604401204
0.603929049
0.603456894
0.602984739
0.602512584
0.60204043
0.601568275
0.60111082
0.600653365
0.60019591
0.599738455
0.599281
0.598823545
0.59836609
0.597908635
0.596993726
0.596551316
0.596108906
0.595666496
0.595224086
0.594781676
0.594339267
0.593896857
0.593454447
0.593012037
0.592569627
0.592142607
0.591715586
0.591288565
0.590861544
0.590434524
0.590007503
0.589580482
0.589153461
0.58829942
0.58788813
0.58747684
0.587065551
0.586654261
0.586242971
0.585831681
0.585420392
0.585009102
0.584186522
0.583791302
0.583396082
0.583000862
0.582605642
0.582210422
0.581815202
0.581419982
0.581024762
0.580629542
0.580234322
0.579855506
0.57947669
0.579097875
0.578719059
0.578340243
0.577961428
0.577582612
0.577203796
0.576446165
0.576084083
0.575722
0.575359918
0.574997836
0.574635754
0.574273672
0.57391159
0.573549508
0.572825344
0.572480318
0.572135293
0.571790267
0.571445242
0.571100216
0.570755191
0.570410165
0.57006514
0.569720114
0.569375089
0.569047435
0.568719782
0.568392128
0.568064475
0.567736821
0.567409168
0.567081514
0.566753861
0.566098554
0.565788579
0.565478604
0.565168629
0.564858654
0.564548679
0.564238705
0.56392873
0.563618755
0.562998805
0.562706805
0.562414806
0.562122806
0.561830807
0.561538807
0.561246807
0.560954808
0.560662808
0.560370809
0.560078809
0.55980507
0.559531331
0.559257593
0.558983854
0.558710115
0.558436376
0.558162637
0.557888899
0.557341421
0.557086216
0.556831011
0.556575806
0.556320601
0.556065396
0.555810191
0.555554986
0.555299782
0.555044577
0.554789371
0.55455296
0.554316548
0.554080136
0.553843725
0.553607313
0.553370901
0.55313449
0.552898078
0.552425255
0.552207881
0.551990507
0.551773134
0.55155576
0.551338386
0.551121012
0.550903639
0.550686265
0.550468891
0.550251517
0.55005341
0.549855303
0.549657196
0.549459088
0.549260981
0.549062874
0.548864767
0.54866666
0.548270445
0.548091816
0.547913187
0.547734558
0.547555929
0.547377299
0.54719867
0.547020041
0.546841412
0.546662783
0.546484154
0.546325196
0.546166238
0.54600728
0.545848323
0.545689365
0.545530407
0.545371449
0.545212492
0.544894576
0.544755464
0.544616352
0.54447724
0.544338128
0.544199016
0.544059904
0.543920791
0.543781679
0.543503455
0.543384343
0.54326523
0.543146118
0.543027006
0.542907893
0.542788781
0.542669668
0.542550556
0.542431444
0.542312331
0.542213352
0.542114373
0.542015393
0.541916414
0.541817434
0.541718455
0.541619475
0.541520496
0.541322537
0.541243802
0.541165067
0.541086333
0.541007598
0.540928863
0.540850128
0.540771393
0.540692658
0.540613924
0.540535189
0.540476788
0.540418387
0.540359986
0.540301585
0.540243184
0.540184783
0.540126382
0.540067981
0.539951179
0.539913179
0.539875179
0.539837178
0.539799178
0.539761177
0.539723177
0.539685177
0.539647176
0.539571176
0.539553619
0.539536063
0.539518507
0.53950095
0.539483394
0.539465838
0.539448281
0.539430725
0.539413169
0.539395612
0.53939852
0.539401428
0.539404336
0.539407244
0.539410152
0.53941306
0.539415968
0.539418876
0.539424691
0.53944806
0.539471429
0.539494798
0.539518167
0.539541536
0.539564904
0.539588273
0.539611642
0.539635011
0.53965838
0.539702183
0.539745986
0.539789789
0.539833592
0.539877395
0.539921197
0.539965
0.540008803
0.540096409
0.540160596
0.540224783
0.540288971
0.540353158
0.540417345
0.540481532
0.540545719
0.540609906
0.540674093
0.54073828
0.540822778
0.540907276
0.540991774
0.541076272
0.54116077
0.541245269
0.541329767
0.541414265
0.541583261
0.541687974
0.541792688
0.541897401
0.542002115
0.542106828
0.542211541
0.542316255
0.542420968
0.542525682
0.542630395
0.542755206
0.542880017
0.543004828
0.543129639
0.54325445
0.543379261
0.543504072
0.543628883
0.543878505
0.544023274
0.544168044
0.544312813
0.544457583
0.544602352
0.544747121
0.544891891
0.54503666
0.545326199
0.545490767
0.545655335
0.545819903
0.545984471
0.546149038
0.546313606
0.546478174
0.546642742
0.54680731
0.546971878
0.547156065
0.547340252
0.547524438
0.547708625
0.547892812
0.548076999
0.548261186
0.548445372
0.548813746
0.549017353
0.54922096
0.549424567
0.549628174
0.549831781
0.550035388
0.550238995
0.550442602
0.550849817
0.551072627
0.551295438
0.551518249
0.55174106
0.551963871
0.552186682
0.552409493
0.552632304
0.552855115
0.553077926
0.553319707
0.553561489
0.55380327
0.554045052
0.554286833
0.554528615
0.554770396
0.555012178
0.555495741
0.555756244
0.556016747
0.556277251
0.556537754
0.556798257
0.55705876
0.557319264
0.557579767
0.55784027
0.558100774
0.558379735
0.558658697
0.558937659
0.55921662
0.559495582
0.559774544
0.560053505
0.560332467
0.56089039
0.561187533
0.561484677
0.56178182
0.562078963
0.562376107
0.56267325
0.562970393
0.563267536
0.56356468
0.563861823
0.56417686
0.564491896
0.564806932
0.565121969
0.565437005
0.565752041
0.566067078
0.566382114
0.567012187
0.567344816
0.567677446
0.568010076
0.568342706
0.568675335
0.569007965
0.569340595
0.569673224
0.570005854
0.570338484
0.570688398
0.571038312
0.571388226
0.57173814
0.572088054
0.572437968
0.572787882
0.573137796
0.573837624
0.574204505
0.574571385
0.574938266
0.575305147
0.575672027
0.576038908
0.576405789
0.57677267
0.577506431
0.577889953
0.578273476
0.578656998
0.579040521
0.579424044
0.579807566
0.580191089
0.580574611
0.580958134
0.581341656
0.58174149
0.582141324
0.582541157
0.582940991
0.583340824
0.583740658
0.584140491
0.584540325
0.585339992
0.585755801
0.58617161
0.586587418
0.587003227
0.587419036
0.587834845
0.588250654
0.588666463
0.58949808
0.589929524
0.590360969
0.590792413
0.591223857
0.591655302
0.592086746
0.592518191
0.592949635
0.593381079
0.593812524
0.594259261
0.594705999
0.595152736
0.595599473
0.596046211
0.596492948
0.596939686
0.597386423
0.598279898
0.598741584
0.59920327
0.599664957
0.600126643
0.600588329
0.601050015
0.601511701
0.601973387
0.60289676
0.603373049
0.603849339
0.604325628
0.604801918
0.605278208
0.605754497
0.606230787
0.606707076
0.607183366
0.607659656
0.608150203
0.608640751
0.609131299
0.609621847
0.610112394
0.610602942
0.61109349
0.611584038
0.612565133
0.613069594
0.613574055
0.614078517
0.614582978
0.615087439
0.6155919
0.616096361
0.616600823
0.617105284
0.617609745
0.618127777
0.618645809
0.61916384
0.619681872
0.620199904
0.620717935
0.621235967
0.621753998
0.62227203
0.622790062
0.623321323
0.623852584
0.624383845
0.624915106
0.625446368
0.625977629
0.62650889
0.627040151
0.628102673
0.628646826
0.629190978
0.629735131
0.630279283
0.630823436
0.631367588
0.631911741
0.632455893
0.633544198
0.634100907
0.634657616
0.635214326
0.635771035
0.636327744
0.636884453
0.637441162
0.637997871
0.63855458
0.63911129
0.639680225
0.64024916
0.640818094
0.641387029
0.641955964
0.642524899
0.643093834
0.643662769
0.644800639
0.645381473
0.645962308
0.646543142
0.647123976
0.647704811
0.648285645
0.648866479
0.649447314
0.650608982
0.651201394
0.651793806
0.652386218
0.65297863
0.653571042
0.654163454
0.654755866
0.655348278
0.65594069
0.656533102
0.657136775
0.657740448
0.658344121
0.658947794
0.659551467
0.66015514
0.660758813
0.661362486
0.662569832
0.663184455
0.663799078
0.664413701
0.665028324
0.665642947
0.66625757
0.666872193
0.667486816
0.668101439
0.668716062
0.66934133
0.669966598
0.670591865
0.671217133
0.6718424
0.672467668
0.673092935
0.673718203
0.674968738
0.675604351
0.676239963
0.676875576
0.677511188
0.678146801
0.678782414
0.679418026
0.680053639
0.681324864
0.681970528
0.682616193
0.683261857
0.683907521
0.684553185
0.68519885
0.685844514
0.686490178
0.687135842
0.687781507
0.688436936
0.689092365
0.689747794
0.690403223
0.691058652
0.691714081
0.69236951
0.693024939
0.694335796
0.695000709
0.695665622
0.696330535
0.696995447
0.69766036
0.698325273
0.698990185
0.699655098
0.700320011
0.700984924
0.701659047
0.702333169
0.703007292
0.703681414
0.704355537
0.705029659
0.705703781
0.706377904
0.707726148
0.708409213
0.709092277
0.709775341
0.710458405
0.71114147
0.711824534
0.712507598
0.713190663
0.713873727
0.714556792
0.715248537
0.715940282
0.716632027
0.717323772
0.718015517
0.718707262
0.719399007
0.720090752
0.721474242
0.722174413
0.722874584
0.723574755
0.724274927
0.724975098
0.725675269
0.72637544
0.727075611
0.727775782
0.728475954
0.729184303
0.729892652
0.730601001
0.73130935
0.732017699
0.732726049
0.733434398
0.734142747
0.735559445
0.736275731
0.736992017
0.737708302
0.738424588
0.739140874
0.739857159
0.740573445
0.741289731
0.742722302
0.743446289
0.744170276
0.744894263
0.74561825
0.746342237
0.747066224
0.747790211
0.748514198
0.749238185
0.749962172
0.750693631
0.751425091
0.752156551
0.75288801
0.75361947
0.75435093
0.755082389
0.755813849
0.757276768
0.758015478
0.758754188
0.759492898
0.760231608
0.760970318
0.761709028
0.762447738
0.763186448
0.764663867
0.765409611
0.766155355
0.766901099
0.767646843
0.768392587
0.769138331
0.769884075
0.770629819
0.771375563
0.772121307
0.772873875
0.773626443
0.774379011
0.775131579
0.775884147
0.776636715
0.777389283
0.778141851
0.779646987
0.780406175
0.781165363
0.781924551
0.782683739
0.783442927
0.784202115
0.784961303
0.785720491
0.786479679
0.787238868
0.788004478
0.788770088
0.789535697
0.790301307
0.791066917
0.791832527
0.792598137
0.793363747
0.794894967
0.795666806
0.796438646
0.797210485
0.797982324
0.798754164
0.799526003
0.800297843
0.801069682
0.801841521
0.802613361
0.803391244
0.804169126
0.804947009
0.805724891
0.806502773
0.807280656
0.808058538
0.80883642
0.810392185
0.811175929
0.811959673
0.812743417
0.813527161
0.814310905
0.815094649
0.815878393
0.816662137
0.817445881
0.818229625
0.819019055
0.819808485
0.820597915
0.821387345
0.822176775
0.822966205
0.823755635
0.824545065
0.826123925
0.82691887
0.827713816
0.828508761
0.829303707
0.830098652
0.830893598
0.831688543
0.832483488
0.834073379
0.834873675
0.83567397
0.836474266
0.837274561
0.838074856
0.838875152
0.839675447
0.840475743
0.841276038
0.842076334
0.842881819
0.843687304
0.844492789
0.845298274
0.846103759
0.846909244
0.84771473
0.848520215
0.850131185
0.850941704
0.851752223
0.852562742
0.853373262
0.854183781
0.8549943
0.855804819
0.856615339
0.858236377
0.859051779
0.859867182
0.860682584
0.861497987
0.862313389
0.863128792
0.863944194
0.864759596
0.865574999
0.866390401
0.867210541
0.86803068
0.86885082
0.869670959
0.870491099
0.871311238
0.872131378
0.872951517
0.874591796
0.87541653
0.876241265
0.877066
0.877890734
0.878715469
0.879540203
0.880364938
0.881189673
0.882839142
0.883668334
0.884497526
0.885326718
0.886155911
0.886985103
0.887814295
0.888643487
0.889472679
0.890301872
0.891131064
0.891964581
0.892798097
0.893631614
0.89446513
0.895298647
0.896132163
0.89696568
0.897799196
0.899466229
0.90030394
0.901141652
0.901979363
0.902817075
0.903654786
0.904492497
0.905330209
0.90616792
0.907005632
0.907843344
0.908685125
0.909526906
0.910368687
0.911210468
0.912052249
0.91289403
0.913735811
0.914577592
0.915419373
0.916261154
0.917106883
0.917952612
0.918798341
0.91964407
0.920489799
0.921335528
0.922181257
0.923026986
0.924718444
0.925568003
0.926417562
0.927267121
0.92811668
0.928966239
0.929815798
0.930665357
0.931514916
0.933214034
0.934067309
0.934920584
0.935773858
0.936627133
0.937480408
0.938333682
0.939186957
0.940040231
0.940893506
0.941746781
0.94260366
0.943460539
0.944317419
0.945174298
0.946031177
0.946888057
0.947744936
0.948601815
0.950315574
0.95117595
0.952036326
0.952896703
0.953757079
0.954617455
0.955477832
0.956338208
0.957198584
0.958919337
0.959783106
0.960646875
0.961510643
0.962374412
0.963238181
0.96410195
0.964965719
0.965829488
0.966693257
0.967557026
0.968424086
0.969291146
0.970158206
0.971025266
0.971892326
0.972759386
0.973626446
0.974493506
0.976227626
0.977097879
0.977968132
0.978838385
0.979708638
0.980578891
0.981449144
0.982319396
0.983189649
0.984059902
0.984930155
0.985803506
0.986676856
0.987550206
0.988423556
0.989296907
0.990170257
0.991043607
0.991916957
0.993663658
0.994540013
0.995416368
0.996292723
0.997169078
0.998045433
0.998921787
0.999798142
1.000674497
1.002427207
1.003306477
1.004185746
1.005065016
1.005944285
1.006823555
1.007702824
1.008582094
1.009461363
1.010340633
1.011219903
1.012102
1.012984097
1.013866194
1.01474829
1.015630387
1.016512484
1.017394581
1.018276678
1.020040871
1.02092571
1.021810549
1.022695388
1.023580227
1.024465067
1.025349906
1.026234745
1.027119584
1.028004423
1.028889263
1.029776762
1.030664261
1.03155176
1.032439259
1.033326758
1.034214257
1.035101756
1.035989255
1.037764252
1.038654331
1.03954441
1.040434488
1.041324567
1.042214645
1.043104724
1.043994803
1.044884881
1.04577496
1.046665039
1.047557619
1.048450199
1.04934278
1.05023536
1.05112794
1.052020521
1.052913101
1.053805681
1.055590842
1.056485848
1.057380855
1.058275861
1.059170867
1.060065874
1.06096088
1.061855886
1.062750892
1.064540905
1.065438263
1.066335622
1.06723298
1.068130339
1.069027698
1.069925056
1.070822415
1.071719773
1.072617132
1.07351449
1.074414129
1.075313768
1.076213408
1.077113047
1.078012686
1.078912325
1.079811964
1.080711603
1.082510881
1.083412731
1.084314581
1.085216431
1.086118281
1.087020131
1.087921981
1.08882383
1.08972568
1.09062753
1.09152938
1.092433373
1.093337366
1.094241359
1.095145352
1.096049345
1.096953337
1.09785733
1.098761323
1.100569309
1.101475378
1.102381448
1.103287518
1.104193587
1.105099657
1.106005727
1.106911796
1.107817866
1.109630005
1.110538087
1.111446169
1.112354251
1.113262334
1.114170416
1.115078498
1.11598658
1.116894662
1.117802744
1.118710826
1.119620858
1.12053089
1.121440922
1.122350954
1.123260986
1.124171018
1.125081049
1.125991081
1.127811145
1.128723065
1.129634986
1.130546906
1.131458827
1.132370747
1.133282668
1.134194588
1.135106508
1.136018429
1.13693035
1.1378441
1.138757849
1.139671599
1.140585349
1.141499098
1.142412848
1.143326598
1.144240347
1.146067846
1.146983367
1.147898887
1.148814408
1.149729928
1.150645449
1.151560969
1.15247649
1.15339201
1.154307531
1.155223052
1.156140287
1.157057522
1.157974757
1.158891992
1.159809227
1.160726462
1.161643697
1.162560932
1.164395402
1.165314296
1.16623319
1.167152084
1.168070978
1.168989872
1.169908766
1.17082766
1.171746554
1.172665448
1.173584342
1.174504841
1.17542534
1.176345839
1.177266339
1.178186838
1.179107337
1.180027836
1.180948335
1.182789333
1.183711385
1.184633437
1.185555488
1.18647754
1.187399591
1.188321643
1.189243695
1.190165746
1.192009849
1.192933402
1.193856954
1.194780507
1.195704059
1.196627612
1.197551164
1.198474717
1.19939827
1.200321822
1.201245375
1.202170378
1.203095381
1.204020384
1.204945388
1.205870391
1.206795394
1.207720397
1.208645401
1.210495407
1.211421812
1.212348216
1.213274621
1.214201026
1.215127431
1.216053835
1.21698024
1.217906645
1.219759454
1.220687212
1.22161497
1.222542729
1.223470487
1.224398245
1.225326003
1.226253761
1.227181519
1.228109277
1.229037036
1.2299661
1.230895165
1.231824229
1.232753294
1.233682358
1.234611423
1.235540487
1.236469552
1.238327681
1.239258005
1.24018833
1.241118655
1.24204898
1.242979305
1.243909629
1.244839954
1.245770279
1.247630929
1.248562469
1.249494009
1.250425549
1.251357089
1.252288629
1.253220169
1.254151709
1.255083249
1.256014789
1.256946329
1.25787904
1.258811751
1.259744462
1.260677173
1.261609884
1.262542595
1.263475306
1.264408017
1.265340728
1.266273439
1.267207278
1.268141117
1.269074956
1.270008794
1.270942633
1.271876472
1.272810311
1.273744149
1.275611827
1.276546751
1.277481675
1.278416599
1.279351523
1.280286447
1.281221371
1.282156295
1.283091219
1.284026143
1.284961067
1.285897034
1.286833002
1.28776897
1.288704937
1.289640905
1.290576872
1.29151284
1.292448808
1.294320743
1.295257713
1.296194683
1.297131653
1.298068624
1.299005594
1.299942564
1.300879535
1.301816505
1.303690445
1.304628378
1.305566311
1.306504244
1.307442176
1.308380109
1.309318042
1.310255975
1.311193907
1.31213184
1.313069773
1.314008629
1.314947485
1.315886341
1.316825197
1.317764052
1.318702908
1.319641764
1.32058062
1.322458332
1.323398072
1.324337812
1.325277552
1.326217292
1.327157032
1.328096772
1.329036513
1.329976253
1.331855733
1.332796319
1.333736905
1.334677492
1.335618078
1.336558664
1.33749925
1.338439836
1.339380423
1.340321009
1.341261595
1.34220299
1.343144385
1.34408578
1.345027174
1.345968569
1.346909964
1.347851359
1.348792754
1.350675543
1.351617709
1.352559876
1.353502042
1.354444209
1.355386375
1.356328541
1.357270708
1.358212874
1.360097207
1.361040108
1.36198301
1.362925911
1.363868813
1.364811715
1.365754616
1.366697518
1.367640419
1.368583321
1.369526222
1.370469823
1.371413424
1.372357025
1.373300625
1.374244226
1.375187827
1.376131428
1.377075029
1.37896223
1.379906495
1.380850759
1.381795024
1.382739288
1.383683553
1.384627817
1.385572082
1.386516346
1.387460611
1.388404876
1.389349769
1.390294663
1.391239556
1.39218445
1.393129344
1.394074237
1.395019131
1.395964024
1.39785381
1.398799298
1.399744786
1.400690273
1.401635761
1.402581249
1.403526736
1.404472224
1.405417712
1.4063632
1.407308688
1.408254736
1.409200784
1.410146832
1.41109288
1.412038928
1.412984976
1.413931024
1.414877072
1.416769168
1.417715742
1.418662316
1.419608891
1.420555465
1.42150204
1.422448614
1.423395189
1.424341763
1.425288337
1.426234912
1.427181979
1.428129047
1.429076114
1.430023182
1.43097025
1.431917317
1.432864385
1.433811452
1.435705587
1.436653115
1.437600642
1.43854817
1.439495697
1.440443225
1.441390752
1.44233828
1.443285807
1.445180862
1.446128817
1.447076772
1.448024727
1.448972682
1.449920637
1.450868592
1.451816546
1.452764501
1.453712456
1.454660411
1.455608761
1.456557111
1.45750546
1.45845381
1.45940216
1.460350509
1.461298859
1.462247209
1.464143908
1.465092621
1.466041333
1.466990045
1.467938758
1.46888747
1.469836183
1.470784895
1.471733607
1.47268232
1.473631032
1.474580075
1.475529119
1.476478162
1.477427205
1.478376248
1.479325291
1.480274334
1.481223378
1.483121464
1.484070806
1.485020148
1.48596949
1.486918833
1.487868175
1.488817517
1.489766859
1.490716201
1.492614886
1.493564495
1.494514105
1.495463714
1.496413324
1.497362934
1.498312543
1.499262153
1.500211762
1.501161372
1.502110982
1.503060828
1.504010674
1.50496052
1.505910366
1.506860212
1.507810058
1.508759904
1.50970975
1.511609441
1.512559491
1.513509542
1.514459593
1.515409643
1.516359694
1.517309745
1.518259796
1.519209846
1.520159897
1.521109948
1.522060173
1.523010398
1.523960623
1.524910847
1.525861072
1.526811297
1.527761521
1.528711746
1.530612195
1.531562562
1.53251293
1.533463297
1.534413665
1.535364032
1.5363144
1.537264767
1.538215135
1.539165502
1.540115871
1.54106635
1.54201683
1.542967309
1.543917789
1.544868269
1.545818748
1.546769228
1.547719707
1.549620666
1.550571227
1.551521788
1.552472349
1.55342291
1.55437347
1.555324031
1.556274592
1.557225153
1.558175713
1.559126274
1.560076886
1.561027497
1.561978108
1.562928719
1.563879331
1.564829942
1.565780553
1.566731164
1.568632387
1.569583018
1.570533649
1.571484279
1.57243491
1.573385541
1.574336172
1.575286803
1.576237434
1.578138696
1.579089316
1.580039935
1.580990555
1.581941175
1.582891795
1.583842415
1.584793035
1.585743654
1.586694274
1.587644894
1.588595472
1.58954605
1.590496628
1.591447206
1.592397784
1.593348362
1.59429894
1.595249518
1.597150674
1.598101179
1.599051684
1.60000219
1.600952695
1.6019032
1.602853706
1.603804211
1.604754716
1.606655727
1.607606128
1.60855653
1.609506932
1.610457333
1.611407735
1.612358137
1.613308538
1.61425894
1.615209342
1.616159744
1.617110011
1.618060278
1.619010545
1.619960812
1.62091108
1.621861347
1.622811614
1.623761881
1.625662415
1.626612517
1.627562618
1.62851272
1.629462821
1.630412922
1.631363024
1.632313125
1.633263227
1.634213328
1.63516343
1.636113335
1.63706324
1.638013145
1.638963049
1.639912954
1.640862859
1.641812764
1.642762668
1.644662477
1.645612153
1.64656183
1.647511506
1.648461182
1.649410859
1.650360535
1.651310211
1.652259888
1.653209564
1.654159241
1.655108658
1.656058075
1.657007491
1.657956908
1.658906325
1.659855741
1.660805158
1.661754575
1.663653408
1.664602533
1.665551658
1.666500783
1.667449908
1.668399034
1.669348159
1.670297284
1.671246409
1.672195534
1.673144659
1.674093461
1.675042263
1.675991064
1.676939866
1.677888668
1.67883747
1.679786271
1.680735073
1.682632676
1.683581122
1.684529568
1.685478014
1.68642646
1.687374906
1.688323352
1.689271798
1.690220244
1.692117136
1.693065194
1.694013252
1.69496131
1.695909368
1.696857426
1.697805484
1.698753542
1.699701599
1.700649657
1.701597715
1.702545352
1.703492989
1.704440626
1.705388264
1.706335901
1.707283538
1.708231175
1.709178812
1.711074086
1.712021269
1.712968452
1.713915635
1.714862818
1.715810001
1.716757184
1.717704367
1.718651551
1.720545917
1.721492612
1.722439308
1.723386004
1.7243327
1.725279395
1.726226091
1.727172787
1.728119483
1.729066178
1.730012874
1.730959049
1.731905224
1.732851399
1.733797573
1.734743748
1.735689923
1.736636097
1.737582272
1.739474621
1.740420241
1.74136586
1.74231148
1.7432571
1.744202719
1.745148339
1.746093958
1.747039578
1.748930816
1.749875846
1.750820876
1.751765906
1.752710935
1.753655965
1.754600995
1.755546025
1.756491054
1.757436084
1.758381114
1.759325519
1.760269924
1.761214329
1.762158734
1.763103139
1.764047544
1.76499195
1.765936355
1.767825165
1.768768909
1.769712654
1.770656399
1.771600144
1.772543889
1.773487633
1.774431378
1.775375123
1.776318868
1.777262613
1.778205662
1.779148711
1.78009176
1.781034809
1.781977857
1.782920906
1.783863955
1.784807004
1.785750053
1.786693101
1.787635418
1.788577734
1.78952005
1.790462367
1.791404683
1.792346999
1.793289316
1.794231632
1.796116264
1.797057811
1.797999358
1.798940905
1.799882452
1.800823999
1.801765545
1.802707092
1.803648639
1.805531732
1.806472472
1.807413212
1.808353952
1.809294691
1.810235431
1.811176171
1.812116911
1.81305765
1.81399839
1.81493913
1.815879024
1.816818919
1.817758814
1.818698708
1.819638603
1.820578497
1.821518392
1.822458286
1.824338075
1.825277086
1.826216096
1.827155107
1.828094118
1.829033128
1.829972139
1.830911149
1.83185016
1.833728181
1.834666268
1.835604355
1.836542442
1.837480529
1.838418616
1.839356703
1.84029479
1.841232877
1.842170964
1.843109052
1.844046175
1.844983299
1.845920422
1.846857546
1.847794669
1.848731793
1.849668916
1.85060604
1.852480286
1.853416405
1.854352524
1.855288643
1.856224762
1.857160881
1.858097
1.859033119
1.859969238
1.860905357
1.861841476
1.862776549
1.863711622
1.864646695
1.865581768
1.86651684
1.867451913
1.868386986
1.869322059
1.871192205
1.872126189
1.873060173
1.873994157
1.874928142
1.875862126
1.87679611
1.877730095
1.878664079
1.880532047
1.881464899
1.882397752
1.883330604
1.884263456
1.885196309
1.886129161
1.887062013
1.887994866
1.888927718
1.889860571
1.890792247
1.891723924
1.8926556
1.893587277
1.894518953
1.89545063
1.896382306
1.897313983
1.899177335
1.90010779
1.901038245
1.9019687
1.902899156
1.903829611
1.904760066
1.905690521
1.906620976
1.907551432
1.908481888
1.909411076
1.910340264
1.911269452
1.912198641
1.913127829
1.914057017
1.914986205
1.915915394
1.917773769
1.918701643
1.919629517
1.920557391
1.921485265
1.922413139
1.923341013
1.924268887
1.925196761
1.926124635
1.92705251
1.927979022
1.928905534
1.929832046
1.930758558
1.93168507
1.932611582
1.933538094
1.934464606
1.936317629
1.93724273
1.938167831
1.939092931
1.940018032
1.940943132
1.941868233
1.942793334
1.943718434
1.944643535
1.945568636
1.946492709
1.947416782
1.948340856
1.949408995
1.950332461
1.951255927
1.952179393
1.953139657
1.954062473
1.95498529
1.955908107
1.95737488
1.958297025
1.95921917
1.960141314
1.961260685
1.962181721
1.963102757
1.964023793
1.964944829
1.965865866
1.966786902
1.967707938
1.968628974
1.970471046
1.971390479
1.972309912
1.973229345
1.974148778
1.975068211
1.975987644
1.976907077
1.97782651
1.978745943
1.979665377
1.980583152
1.981500927
1.982418702
1.983336477
1.984254252
1.985172028
1.986089803
1.987007578
1.988843128
1.989759189
1.99067525
1.991591312
1.992507373
1.993423434
1.994339495
1.995255556
1.996171617
1.99800374
1.998918029
1.999832319
2.000746608
2.001660898
2.002575187
2.003489477
2.004403766
2.005318056
2.006232345
2.007146635
2.008059094
2.008971553
2.009884012
2.010796471
2.01170893
2.012621389
2.013533848
2.014446307
2.016271225
2.017181793
2.018092361
2.019002929
2.019913497
2.020824064
2.021734632
2.0226452
2.023555768
2.025376904
2.026285518
2.027194133
2.028102748
2.029011363
2.029919977
2.030828592
2.031737207
2.032645821
2.033554436
2.034463051
2.035369649
2.036276246
2.037182844
2.038089442
2.03899604
2.039902637
2.040809235
2.041715833
2.043529028
2.044433544
2.045338059
2.046242575
2.04714709
2.048051606
2.048956121
2.049860636
2.050765152
2.052574183
2.053476548
2.054378914
2.05528128
2.056183646
2.057086012
2.057988378
2.058890744
2.059793109
2.060695475
2.061597841
2.062497988
2.063398136
2.064298283
2.06519843
2.066098578
2.066998725
2.067898872
2.06879902
2.070599314
2.071497172
2.072395029
2.073292887
2.074190745
2.075088602
2.07598646
2.076884318
2.077782176
2.078680033
2.079577892
2.080473387
2.081368882
2.082264378
2.083159873
2.084055368
2.084950864
2.085846359
2.086741854
2.08763735
2.088532845
2.089425903
2.090318961
2.091212019
2.092105077
2.092998135
2.093891193
2.094784251
2.095677309
2.097463425
2.098353969
2.099244512
2.100135056
2.101025599
2.101916143
2.102806686
2.10369723
2.104587773
2.10636886
2.10725681
2.10814476
2.10903271
2.109920659
2.110808609
2.111696559
2.112584509
2.113472458
2.114360408
2.115248358
2.116133633
2.117018907
2.117904182
2.118789456
2.119674731
2.120560005
2.12144528
2.122330554
2.124101103
2.124983618
2.125866134
2.126748649
2.127631164
2.128513679
2.129396195
2.13027871
2.131161225
2.132926255
2.133805925
2.134685595
2.135565264
2.136444934
2.137324603
2.138204273
2.139083942
2.139963612
2.140843282
2.141722951
2.142599686
2.143476421
2.144353156
2.145229891
2.146106626
2.146983361
2.147860096
2.148736831
2.150490301
2.15136401
2.152237719
2.153111427
2.153985136
2.154858845
2.155732554
2.156606262
2.157479971
2.15835368
2.159227389
2.160097977
2.160968565
2.161839154
2.162709742
2.16358033
2.164450918
2.165321507
2.166192095
2.167933271
2.168800642
2.169668012
2.170535383
2.171402754
2.172270124
2.173137495
2.174004865
2.174872236
2.176606977
2.177471029
2.178335082
2.179199135
2.180063187
2.18092724
2.181791293
2.182655345
2.183519398
2.184383451
2.185247504
2.186108136
2.186968768
2.187829399
2.188690031
2.189550663
2.190411295
2.191271927
2.192132559
2.193853822
2.194710926
2.19556803
2.196425135
2.197282239
2.198139344
2.198996448
2.199853552
2.200710657
2.201567761
2.202424866
2.203278334
2.204131802
2.204985269
2.205838737
2.206692205
2.207545673
2.20839914
2.209252608
2.210959543
2.211809261
2.212658978
2.213508696
2.214358414
2.215208132
2.216057849
2.216907567
2.217757285
2.218607003
2.219456721
2.220302573
2.221148425
2.221994276
2.222840128
2.223685979
2.224531831
2.225377683
2.226223534
2.227915238
2.228757103
2.229598968
2.230440834
2.231282699
2.232124564
2.23296643
2.233808295
2.234650161
2.236333891
2.237171646
2.238009402
2.238847157
2.239684912
2.240522668
2.241360423
2.242198178
2.243035934
2.243873689
2.244711444
2.245544962
2.24637848
2.247211997
2.248045515
2.248879032
2.24971255
2.250546068
2.251379585
2.25304662
2.253875769
2.254704917
2.255534065
2.256363214
2.257192362
2.25802151
2.258850658
2.259679807
2.260508955
2.261338103
2.262162747
2.26298739
2.263812033
2.264636676
2.26546132
2.266285963
2.267110606
2.267935249
2.269584536
2.270404534
2.271224532
2.27204453
2.272864528
2.273684527
2.274504525
2.275324523
2.276144521
2.277784517
2.278599726
2.279414935
2.280230144
2.281045352
2.281860561
2.28267577
2.283490979
2.284306187
2.285121396
2.285936605
2.286746875
2.287557146
2.288367416
2.289177687
2.289987957
2.290798228
2.291608498
2.292418769
2.294039309
2.294844488
2.295649667
2.296454845
2.297260024
2.298065202
2.298870381
2.299675559
2.300480738
2.301285916
2.302091095
2.302891024
2.303690952
2.304490881
2.305290809
2.306090738
2.306890666
2.307690595
2.308490523
2.310090379
2.310884894
2.311679409
2.312473924
2.313268439
2.314062954
2.314857469
2.315651984
2.316446499
2.317241014
2.318035529
2.318824462
2.319613396
2.320402329
2.321191262
2.321980195
2.322769128
2.323558062
2.324346995
2.325924861
2.326708039
2.327491217
2.328274395
2.329057573
2.329840751
2.330623929
2.331407107
2.332190284
2.332973462
2.33375664
2.334533884
2.335311128
2.336088372
2.336865615
2.337642859
2.338420103
2.339197347
2.339974591
2.341529078
2.342300203
2.343071329
2.343842454
2.344613579
2.345384704
2.34615583
2.346926955
2.34769808
2.349240331
2.350005147
2.350769964
2.351534781
2.352299598
2.353064414
2.353829231
2.354594048
2.355358865
2.356123682
2.356888498
2.357646811
2.358405124
2.359163436
2.359921749
2.360680062
2.361438374
2.362196687
2.362955
2.364471625
2.365223232
2.365974839
2.366726446
2.367478052
2.368229659
2.368981266
2.369732873
2.37048448
2.371987694
2.372732388
2.373477081
2.374221775
2.374966468
2.375711162
2.376455856
2.377200549
2.377945243
2.378689937
2.37943463
2.380172197
2.380909764
2.381647331
2.382384897
2.383122464
2.383860031
2.384597598
2.385335165
2.386810298
2.387540518
2.388270738
2.389000958
2.389731178
2.390461398
2.391191618
2.391921838
2.392652058
2.394112498
2.394835145
2.395557792
2.396280439
2.397003086
2.397725733
2.39844838
2.399171028
2.399893675
2.400616322
2.401338969
2.402053811
2.402768652
2.403483494
2.404198336
2.404913177
2.405628019
2.406342861
2.407057702
2.408487386
2.409194183
2.40990098
2.410607777
2.411314574
2.412021371
2.412728169
2.413434966
2.414141763
2.41484856
2.415555358
2.416253865
2.416952372
2.41765088
2.418349387
2.419047894
2.419746401
2.420444909
2.421143416
2.421841923
2.422540431
2.423230396
2.423920361
2.424610326
2.425300292
2.425990257
2.426680222
2.427370187
2.428060153
2.429440083
2.430121248
2.430802412
2.431483577
2.432164741
2.432845906
2.43352707
2.434208235
2.434889399
2.436251728
2.436923827
2.437595925
2.438268024
2.438940122
2.439612221
2.440284319
2.440956418
2.441628516
2.442300615
2.442972713
2.443635474
2.444298235
2.444960995
2.445623756
2.446286517
2.446949277
2.447612038
2.448274799
2.44960032
2.450253464
2.450906609
2.451559753
2.452212897
2.452866042
2.453519186
2.45417233
2.454825475
2.456131763
2.456775007
2.45741825
2.458061493
2.458704736
2.459347979
2.459991222
2.460634466
2.461277709
2.461920952
2.462564195
2.463197246
2.463830297
2.464463347
2.465096398
2.465729449
2.466362499
2.46699555
2.467628601
2.468894702
2.469517263
2.470139824
2.470762384
2.471384945
2.472007506
2.472630066
2.473252627
2.473875188
2.475120309
2.475732076
2.476343843
2.47695561
2.477567377
2.478179145
2.478790912
2.479402679
2.480014446
2.480626213
2.48123798
2.481838644
2.482439308
2.483039972
2.483640636
2.4842413
2.484841964
2.485442628
2.486043292
2.487244619
2.487833865
2.48842311
2.489012356
2.489601602
2.490190847
2.490780093
2.491369338
2.491958584
2.49254783
2.493137076
2.493714582
2.494292089
2.494869596
2.495447103
2.49602461
2.496602117
2.497179623
2.49775713
2.498912144
2.499477586
2.500043028
2.500608471
2.501173913
2.501739355
2.502304798
2.50287024
2.503435683
2.504001125
2.504566568
2.505119616
2.505672664
2.506225711
2.506778759
2.507331807
2.507884855
2.508437903
2.508990951
2.510097046
2.510637365
2.511177684
2.511718003
2.512258322
2.512798641
2.513338959
2.513879278
2.514419597
2.514959916
2.515500235
2.516027487
2.516554739
2.51708199
2.517609242
2.518136494
2.518663746
2.519190998
2.519718249
2.520772753
2.521286596
2.52180044
2.522314283
2.522828126
2.52334197
2.523855813
2.524369657
2.5248835
2.525911187
2.526411278
2.526911369
2.52741146
2.527911551
2.528411642
2.528911733
2.529411824
2.529911915
2.530412006
2.530912097
2.53139809
2.531884083
2.532370076
2.532856069
2.533342062
2.533828055
2.534314048
2.534800041
2.535772027
2.536243575
2.536715123
2.53718667
2.537658218
2.538129766
2.538601314
2.539072862
2.53954441
2.540015958
2.540487505
2.540944261
2.541401016
2.541857771
2.542314527
2.542771282
2.543228037
2.543684793
2.544141548
2.545055058
2.545496674
2.54593829
2.546379906
2.546821521
2.547263137
2.547704753
2.548146369
2.548587984
2.549471216
2.549897346
2.550323477
2.550749607
2.551175738
2.551601868
2.552027999
2.552454129
2.55288026
2.55330639
2.553732521
2.554142823
2.554553124
2.554963426
2.555373728
2.55578403
2.556194332
2.556604634
2.557014935
2.557835539
2.558229672
2.558623805
2.559017938
2.559412071
2.559806204
2.560200337
2.56059447
2.560988603
2.561382736
2.561776869
2.562154498
2.562532126
2.562909755
2.563287383
2.563665011
2.56404264
2.564420268
2.564797897
2.565553153
2.565913947
2.56627474
2.566635534
2.566996327
2.567357121
2.567717914
2.568078708
2.568439501
2.568800294
2.569161088
2.569504723
2.569848358
2.570191992
2.570535627
2.570879262
2.571222897
2.571566532
2.571910166
2.572597436
2.572923596
2.573249756
2.573575916
2.573902076
2.574228236
2.574554397
2.574880557
2.575206717
2.575532877
2.575859037
2.576167415
2.576475794
2.576784172
2.577092551
2.577400929
2.577709308
2.578017686
2.578326064
2.578942821
2.579233121
2.579523421
2.579813721
2.580104021
2.580394321
2.580684621
2.580974921
2.581265221
2.581845821
2.582117757
2.582389693
2.58266163
2.582933566
2.583205502
2.583477438
2.583749374
2.584021311
2.584293247
2.584565183
2.584818483
2.585071783
2.585325082
2.585578382
2.585831682
2.586084982
2.586338281
2.586591581
2.58709818
2.587332585
2.58756699
2.587801394
2.588035799
2.588270203
2.588504608
2.588739012
2.588973417
2.589442226
2.589657492
2.589872758
2.590088023
2.590303289
2.590518555
2.59073382
2.590949086
2.591164352
2.591379618
2.591594883
2.591790783
2.591986682
2.592182582
2.592378482
2.592574381
2.592770281
2.59296618
2.59316208
2.593553879
2.593730202
2.593906526
2.594082849
2.594259172
2.594435496
2.594611819
2.594788143
2.594964466
2.595317113
2.595473668
2.595630224
2.59578678
2.595943336
2.596099891
2.596256447
2.596413003
2.596569558
2.596726114
2.59688267
2.597019286
2.597155902
2.597292518
2.597429134
2.59756575
2.597702366
2.597838982
2.597975598
2.598112214
2.59824883
2.598365355
2.598481879
2.598598404
2.598714929
2.598831453
2.598947978
2.599064503
2.599181027
2.599414076
2.599510379
2.599606682
2.599702984
2.599799287
2.59989559
2.599991893
2.600088195
2.600184498
2.600280801
2.600377103
2.600453076
2.600529048
2.60060502
2.600680992
2.600756964
2.600832936
2.600908908
2.600984881
2.601136825
2.60119238
2.601247936
2.601303491
2.601359047
2.601414602
2.601470158
2.601525713
2.601581269
2.60169238
2.601727455
2.601762531
2.601797607
2.601832682
2.601867758
2.601902834
2.601937909
2.601972985
2.602008061
2.602043136
2.602057692
2.602072248
2.602086804
2.602101361
2.602115917
2.602130473
2.602145029
2.602159585
2.602188697
2.602182717
2.602176737
2.602170757
2.602164777
2.602158797
2.602152818
2.602146838
2.602140858
2.602128898
2.60210239
2.602075881
2.602049373
2.602022865
2.601996356
2.601969848
2.60194334
2.601916831
2.601890323
2.601863815
2.601816809
2.601769803
2.601722797
2.601675791
2.601628786
2.60158178
2.601534774
2.601487768
2.601393756
2.601326308
2.601258859
2.60119141
2.601123961
2.601056512
2.600989063
2.600921615
2.600854166
2.600719268
2.600631454
2.60054364
2.600455825
2.600368011
2.600280197
2.600192383
2.600104568
2.600016754
2.59992894
2.599841125
2.599733046
2.599624967
2.599516887
2.599408808
2.599300728
2.599192649
2.59908457
2.59897649
2.598760331
2.598632109
2.598503887
2.598375665
2.598247443
2.598119221
2.597990998
2.597862776
2.597734554
2.597606332
2.59747811
2.597329889
2.597181668
2.597033447
2.596885226
2.596737005
2.596588784
2.596440563
2.596292342
2.5959959
2.595827844
2.595659789
2.595491734
2.595323679
2.595155623
2.594987568
2.594819513
2.594651458
2.594483402
2.594315347
2.594127642
2.593939937
2.593752231
2.593564526
2.593376821
2.593189116
2.593001411
2.592813705
2.592438295
2.592231143
2.592023991
2.591816839
2.591609688
2.591402536
2.591195384
2.590988232
2.59078108
2.590573928
2.590366776
2.590140399
2.589914021
2.589687644
2.589461266
2.589234889
2.589008512
2.588782134
2.588555757
2.588103002
2.587857636
2.587612271
2.587366906
2.58712154
2.586876175
2.586630809
2.586385444
2.586140079
2.585649348
2.585385248
2.585121148
2.584857048
2.584592948
2.584328849
2.584064749
2.583800649
2.583536549
2.583272449
2.583008349
2.582725782
2.582443215
2.582160649
2.581878082
2.581595515
2.581312948
2.581030382
2.580747815
2.580182681
2.579881929
2.579581176
2.579280423
2.57897967
2.578678918
2.578378165
2.578077412
2.577776659
2.577475906
2.577175154
2.576856508
2.576537862
2.576219216
2.57590057
2.575581924
2.575263278
2.574944632
2.574625986
2.573988694
2.573652458
2.573316222
2.572979986
2.57264375
2.572307514
2.571971279
2.571635043
2.571298807
2.570626335
2.570272823
2.56991931
2.569565797
2.569212285
2.568858772
2.568505259
2.568151747
2.567798234
2.567444721
2.567091208
2.56672074
2.566350271
2.565979803
2.565609334
2.565238866
2.564868398
2.564497929
2.564127461
2.563386524
2.562999428
2.562612332
2.562225236
2.56183814
2.561451044
2.561063948
2.560676852
2.560289756
2.55990266
2.559515564
2.559112174
2.558708784
2.558305395
2.557902005
2.557498616
2.557095226
2.556691836
2.556288447
2.555481668
2.555062324
2.554642979
2.554223635
2.553804291
2.553384947
2.552965602
2.552546258
2.552126914
2.55170757
2.551288225
2.550853269
2.550418312
2.549983355
2.549548399
2.549113442
2.548678486
2.548243529
2.547808573
2.54693866
2.546488436
2.546038213
2.545587989
2.545137765
2.544687542
2.544237318
2.543787095
2.543336871
2.542886647
2.542436424
2.54197128
2.541506136
2.541040992
2.540575848
2.540110704
2.53964556
2.539180416
2.538715272
2.537784984
2.537305268
2.536825551
2.536345834
2.535866117
2.535386401
2.534906684
2.534426967
2.533947251
2.532987817
2.532493875
2.531999933
2.531505991
2.531012049
2.530518107
2.530024165
2.529530223
2.529036281
2.528542339
2.528048397
2.527540576
2.527032755
2.526524935
2.526017114
2.525509293
2.525001472
2.524493651
2.52398583
2.522970189
2.522448834
2.521927479
2.521406124
2.52088477
2.520363415
2.51984206
2.519320705
2.51879935
2.517756641
2.517222095
2.516687548
2.516153002
2.515618456
2.51508391
2.514549364
2.514014817
2.513480271
2.512945725
2.512411179
2.51186378
2.511316382
2.510768984
2.510221586
2.509674188
2.50912679
2.508579392
2.508031994
2.506937197
2.506377283
2.50581737
2.505257456
2.504697542
2.504137628
2.503577714
2.5030178
2.502457886
2.501897972
2.501338058
2.50076596
2.500193862
2.499621764
2.499049666
2.498477568
2.49790547
2.497333372
2.496761274
2.495617079
2.495033124
2.49444917
2.493865216
2.493281262
2.492697308
2.492113353
2.491529399
2.490945445
2.490361491
2.489777536
2.489182048
2.48858656
2.487991072
2.487395584
2.486800095
2.486204607
2.485609119
2.485013631
2.483822655
2.483215951
2.482609246
2.482002541
2.481395837
2.480789132
2.480182428
2.479575723
2.478969019
2.478362314
2.47775561
2.477138
2.476520391
2.475902782
2.475285173
2.474667564
2.474049954
2.473432345
2.472814736
2.471579518
2.47095131
2.470323102
2.469694894
2.469066686
2.468438478
2.46781027
2.467182063
2.466553855
2.465297439
2.464658932
2.464020426
2.463381919
2.462743413
2.462104906
2.4614664
2.460827893
2.460189386
2.45955088
2.458912373
2.458263862
2.45761535
2.456966839
2.456318327
2.455669816
2.455021304
2.454372792
2.453724281
2.452427258
2.451769029
2.4511108
2.450452571
2.449794342
2.449136113
2.448477883
2.447819654
2.447161425
2.445844967
2.445177302
2.444509636
2.44384197
2.443174305
2.442506639
2.441838973
2.441171308
2.440503642
2.439835976
2.43916831
2.438491483
2.437814655
2.437137827
2.436460999
2.435784171
2.435107343
2.434430515
2.433753688
2.432400032
2.43171431
2.431028587
2.430342865
2.429657143
2.428971421
2.428285699
2.427599976
2.426914254
2.42554281
2.424848454
2.424154099
2.423459744
2.422765388
2.422071033
2.421376678
2.420682322
2.419987967
2.419293612
2.418599256
2.417896522
2.417193789
2.416491055
2.415788321
2.415085587
2.414382853
2.413680119
2.412977385
2.411571918
2.410861053
2.410150189
2.409439325
2.40872846
2.408017596
2.407306732
2.406595867
2.405885003
2.405174139
2.404463274
2.403744521
2.403025767
2.402307014
2.40158826
2.400869507
2.400150754
2.399432
2.398713247
2.397994494
2.39727574
2.396549333
2.395822925
2.395096518
2.39437011
2.393643703
2.392917295
2.392190888
2.39146448
2.390011666
2.389277833
2.388544
2.387810167
2.387076334
2.386342501
2.385608668
2.384874835
2.384141002
2.382673336
2.3819323
2.381191264
2.380450227
2.379709191
2.378968155
2.378227118
2.377486082
2.376745046
2.37600401
2.375262973
2.37451495
2.373766926
2.373018902
2.372270879
2.371522855
2.370774832
2.370026808
2.369278784
2.367782737
2.367027936
2.366273135
2.365518334
2.364763532
2.364008731
2.36325393
2.362499129
2.361744328
2.360234725
2.35947335
2.358711976
2.357950601
2.357189226
2.356427851
2.355666476
2.354905101
2.354143726
2.353382351
2.352620976
2.351853225
2.351085474
2.350317723
2.349549972
2.348782221
2.34801447
2.347246719
2.346478968
2.344943466
2.344169532
2.343395597
2.342621662
2.341847727
2.341073792
2.340299858
2.339525923
2.338751988
2.337978053
2.337204118
2.336424186
2.335644253
2.334864321
2.334084389
2.333304456
2.332524524
2.331744592
2.330964659
2.329404795
2.328619046
2.327833296
2.327047547
2.326261798
2.325476049
2.3246903
2.323904551
2.323118802
2.321547304
2.320755914
2.319964524
2.319173133
2.318381743
2.317590353
2.316798963
2.316007572
2.315216182
2.314424792
2.313633401
2.31283654
2.312039678
2.311242817
2.310445955
2.309649094
2.308852232
2.308055371
2.30725851
2.305664787
2.30486262
2.304060453
2.303258285
2.302456118
2.301653951
2.300851783
2.300049616
2.299247449
2.298445281
2.297643113
2.2968358
2.296028486
2.295221173
2.29441386
2.293606546
2.292799233
2.291991919
2.291184606
2.28956998
2.288757676
2.287945372
2.287133067
2.286320763
2.285508459
2.284696155
2.283883851
2.283071547
2.282259243
2.281446938
2.280629794
2.27981265
2.278995505
2.278178361
2.277361217
2.276544072
2.275726928
2.274909783
2.273275495
2.272453656
2.271631817
2.270809979
2.26998814
2.269166301
2.268344462
2.267522624
2.266700785
2.265057108
2.264230716
2.263404325
2.262577933
2.261751542
2.26092515
2.260098759
2.259272367
2.258445976
2.257619584
2.256793192
2.255962385
2.255131578
2.254300771
2.253469964
2.252639156
2.251808349
2.250977542
2.250146735
2.248485121
2.247650031
2.246814941
2.245979851
2.245144761
2.244309672
2.243474582
2.242639492
2.241804402
2.240969312
2.240134222
2.239294979
2.238455735
2.237616492
2.236777248
2.235938005
2.235098761
2.234259518
2.233420274
2.231741787
2.230898515
2.230055243
2.229211971
2.228368699
2.227525427
2.226682155
2.225838883
2.224995611
2.223309067
2.222461887
2.221614708
2.220767528
2.219920349
2.21907317
2.21822599
2.217378811
2.216531631
2.215684452
2.214837272
2.213986303
2.213135334
2.212284365
2.211433396
2.210582427
2.209731458
2.208880488
2.208029519
2.206327581
2.205472936
2.204618292
2.203763647
2.202909002
2.202054358
2.201199713
2.200345068
2.199490423
2.198635779
2.197781133
2.196922923
2.196064714
2.195206504
2.194348294
2.193490084
2.192631874
2.191773664
2.190915454
2.189199035
2.188337368
2.187475701
2.186614033
2.185752366
2.184890699
2.184029031
2.183167364
2.182305696
2.181444029
2.180582361
2.17971734
2.178852319
2.177987298
2.177122277
2.176257256
2.175392235
2.174527214
2.173662193
2.171932151
2.171063878
2.170195604
2.169327331
2.168459058
2.167590784
2.166722511
2.165854237
2.164985964
2.16411769
2.163249417
2.162377989
2.161506561
2.160635133
2.159763705
2.158892278
2.15802085
2.157149422
2.156277994
2.154535138
2.153660651
2.152786164
2.151911677
2.15103719
2.150162703
2.149288216
2.148413729
2.147539242
2.145790268
2.144912814
2.14403536
2.143157906
2.142280453
2.141402999
2.140525545
2.139648091
2.138770637
2.137893183
2.137015729
2.136135398
2.135255068
2.134374737
2.133494406
2.132614075
2.131733744
2.130853413
2.129973082
2.12821242
2.127329299
2.126446179
2.125563058
2.124679937
2.123796816
2.122913695
2.122030574
2.121147454
2.119381212
2.118495386
2.11760956
2.116723734
2.115837908
2.114952082
2.114066256
2.11318043
2.112294603
2.111408777
2.110522951
2.109634502
2.108746053
2.107857604
2.106969155
2.106080706
2.105192256
2.104303807
2.103415358
2.10163846
2.100747468
2.099856476
2.098965483
2.098074491
2.097183499
2.096292507
2.095401515
2.094510522
2.092728538
2.09183508
2.090941623
2.090048165
2.089154708
2.08826125
2.087367792
2.086474335
2.085580877
2.08468742
2.083793962
2.082898114
2.082002267
2.081106419
2.080210572
2.079314724
2.078418877
2.077523029
2.076627182
2.074835487
2.073937323
2.073039159
2.072140995
2.071242831
2.070344668
2.069446504
2.06854834
2.067650176
2.066752012
2.065853848
2.064953439
2.06405303
2.063152621
2.062252212
2.061351803
2.060451394
2.059550985
2.058650576
2.057750167
2.056849758
2.055947174
2.055044589
2.054142005
2.053239421
2.052336836
2.051434252
2.050531667
2.049629083
2.047823914
2.046919222
2.04601453
2.045109838
2.044205145
2.043300453
2.042395761
2.041491069
2.040586376
2.038776992
2.037870258
2.036963524
2.036056789
2.035150055
2.034243321
2.033336587
2.032429853
2.031523119
2.030616384
2.02970965
2.028800938
2.027892226
2.026983514
2.026074802
2.02516609
2.024257378
2.023348666
2.022439954
2.02062253
2.019711903
2.018801275
2.017890648
2.016980021
2.016069393
2.015158766
2.014248138
2.013337511
2.011516256
2.010603775
2.009691293
2.008778811
2.007866329
2.006953848
2.006041366
2.005128884
2.004216402
2.00330392
2.002391438
2.001477162
2.000562885
1.999648608
1.998734331
1.997820054
1.996905777
1.9959915
1.995077223
1.993248669
1.992332655
1.991416641
1.990500627
1.989584613
1.988668598
1.987752584
1.98683657
1.985920556
1.984088528
1.983170833
1.982253138
1.981335443
1.980417748
1.979500053
1.978582358
1.977664663
1.976746968
1.975829273
1.974911578
1.973992258
1.973072937
1.972153616
1.971234295
1.970314975
1.969395654
1.968476333
1.967557013
1.965718371
1.964797479
1.963876586
1.962955694
1.962034801
1.961113909
1.960193016
1.959272123
1.958351231
1.957430338
1.956509445
1.955587033
1.954664621
1.953742208
1.952819796
1.951897384
1.950974972
1.95005256
1.949130147
1.947285324
1.946361514
1.945437704
1.944513895
1.943590085
1.942666275
1.941742466
1.940818656
1.939894846
1.9389556
1.938030438
1.937105277
1.936180116
1.935254955
1.934329794
1.933404633
1.932479471
1.93155431
1.929703988
1.928777453
1.927850918
1.926924383
1.925997848
1.925071313
1.924144777
1.923218242
1.922291707
1.920438637
1.919510776
1.918582916
1.917655055
1.916727194
1.915799333
1.914871472
1.913943611
1.91301575
1.912087889
1.911160028
1.910230888
1.909301748
1.908372608
1.907443468
1.906514328
1.905585188
1.904656048
1.903726908
1.901868629
1.900938256
1.900007884
1.899077511
1.898147138
1.897216765
1.896286393
1.89535602
1.894425647
1.893495275
1.892564901
1.89163334
1.890701779
1.889770219
1.888838658
1.887907097
1.886975536
1.886043975
1.885112415
1.883249294
1.882316589
1.881383885
1.88045118
1.879518476
1.878585771
1.877653067
1.876720362
1.875787658
1.874854953
1.873922248
1.872988443
1.872054637
1.871120832
1.870187027
1.869253222
1.868319417
1.867385611
1.866451806
1.864584196
1.863649332
1.862714469
1.861779606
1.860844742
1.859909879
1.858975015
1.858040152
1.857105288
1.856170425
1.855235561
1.854299681
1.853363801
1.852427921
1.851492041
1.850556161
1.849620281
1.848684401
1.84774852
1.84587676
1.844939904
1.844003048
1.843066192
1.842129336
1.84119248
1.840255624
1.839318768
1.838381912
1.836508201
1.835570409
1.834632617
1.833694825
1.832757033
1.831819242
1.83088145
1.829943658
1.829005866
1.828068075
1.827130283
1.826191594
1.825252906
1.824314218
1.82337553
1.822436842
1.821498153
1.820559465
1.819620777
1.8177434
1.816803855
1.815864309
1.814924763
1.813985217
1.813045671
1.812106125
1.811166579
1.810227033
1.808347941
1.807407575
1.80646721
1.805526844
1.804586478
1.803646113
1.802705747
1.801765381
1.800825016
1.79988465
1.798944284
1.798003136
1.797061988
1.796120841
1.795179693
1.794238545
1.793297397
1.792356249
1.791415101
1.789532805
1.788590912
1.787649019
1.786707126
1.785765233
1.784823339
1.783881446
1.782939553
1.78199766
1.781055767
1.780113873
1.77917127
1.778228668
1.777286066
1.776343463
1.775400861
1.774458258
1.773515656
1.772573054
1.77068785
1.769744574
1.768801299
1.767858023
1.766914748
1.765971472
1.765028197
1.764084921
1.763141646
1.76219837
1.761255094
1.760311181
1.759367267
1.758423354
1.75747944
1.756535527
1.755591613
1.7546477
1.753703786
1.751815959
1.750871443
1.749926926
1.74898241
1.748037893
1.747093376
1.74614886
1.745204343
1.744259827
1.74331531
1.742370794
1.741425708
1.740480623
1.739535538
1.738590453
1.737645367
1.736700282
1.735755197
1.734810112
1.732919941
1.731974321
1.731028701
1.730083081
1.729137461
1.728191842
1.727246222
1.726300602
1.725354982
1.723463742
1.722517621
1.7215715
1.720625379
1.719679258
1.718733137
1.717787016
1.716840895
1.715894774
1.714948653
1.714002532
1.713055943
1.712109355
1.711162766
1.710216177
1.709269588
1.708322999
1.70737641
1.706429822
1.704536644
1.70358962
1.702642597
1.701695573
1.700748549
1.699801526
1.698854502
1.697907478
1.696960454
1.695066407
1.694118981
1.693171555
1.692224129
1.691276703
1.690329277
1.689381851
1.688434425
1.687486999
1.686539573
1.685592147
1.684644351
1.683696555
1.682748759
1.681800963
1.680853167
1.679905371
1.678957575
1.678009779
1.676114187
1.675166053
1.674217919
1.673269785
1.672321651
1.671373517
1.670425383
1.669477249
1.668529115
1.666632847
1.665684407
1.664735966
1.663787526
1.662839086
1.661890646
1.660942206
1.659993766
1.659045326
1.658096886
1.657148445
1.656199731
1.655251016
1.654302301
1.653353586
1.652404871
1.651456157
1.650507442
1.649558727
1.647661298
1.64671234
1.645763382
1.644814424
1.643865466
1.642916509
1.641967551
1.641018593
1.640069635
1.639120677
1.638171718
1.637222548
1.636273379
1.635324209
1.634375039
1.633425869
1.632476699
1.631527529
1.630578359
1.629629189
1.628680019
1.627730668
1.626781317
1.625831966
1.624882615
1.623933264
1.622983913
1.622034562
1.621085212
1.61918651
1.618237009
1.617287508
1.616338007
1.615388506