
   scFormation[((p * nSCsPerPlane) + j)].BLJ2A
                        km
                  7578.000000000
                  7578.000000000
                  7578.000000000
                  7578.000000000
                  7578.000000000
                  7578.000000000
                  7578.000000000
                  7578.000000000
                  7578.000000000
                  7578.000000000
                  7578.000000000
                  7578.000000000
                  7578.000000000
                  7578.000000000
                  7578.000000000
                  7578.000000000
                  7578.000000000
                  7578.000000000
                  7578.000000000
                  7578.000000000
                  7578.000000000
                  7578.000000000
                  7578.000000000
                  7578.000000000
                  7578.000000000
                  7578.000000000
                  7578.000000000
                  7578.000000000
                  7578.000000000
                  7578.000000000
                  7578.000000000
                  7578.000000000
                  7578.000000000
                  7578.000000000
                  7578.000000000
                  7578.000000000
                  7578.000000000
                  7578.000000000
                  7578.000000000
                  7578.000000000
                  7578.000000000
                  7578.000000000
                  7578.000000000
                  7578.000000000
                  7578.000000000
                  7578.000000000
                  7578.000000000
                  7578.000000000
                  7578.000000000
                  7578.000000000
                  7578.000000000
                  7578.000000000
                  7578.000000000
                  7578.000000000
                  7578.000000000
                  7578.000000000
                  7578.000000000
                  7578.000000000
                  7578.000000000
                  7578.000000000
                  7578.000000000
                  7578.000000000
                  7578.000000000
                  7578.000000000
                  7578.000000000
                  7578.000000000
                  7578.000000000
                  7578.000000000
                  7578.000000000
                  7578.000000000
                  7578.000000000
                  7578.000000000
                  7578.000000000
                  7578.000000000
                  7578.000000000
                  7578.000000000
                  7578.000000000
                  7578.000000000
                  7578.000000000
                  7578.000000000
                  7578.000000000
                  7578.000000000
                  7578.000000000
                  7578.000000000
                  7578.000000000
                  7578.000000000
                  7578.000000000
                  7578.000000000
                  7578.000000000
                  7578.000000000
                  7578.000000000
                  7578.000000000
                  7578.000000000
                  7578.000000000
                  7578.000000000
                  7578.000000000
                  7578.000000000
                  7578.000000000
                  7578.000000000
                  7578.000000000
                  7578.000000000
                  7578.000000000
                  7578.000000000
                  7578.000000000
                  7578.000000000
                  7578.000000000
                  7578.000000000
                  7578.000000000
                  7578.000000000
                  7578.000000000
                  7578.000000000
                  7578.000000000
                  7578.000000000
                  7578.000000000
                  7578.000000000
                  7578.000000000
                  7578.000000000
                  7578.000000000
                  7578.000000000
                  7578.000000000
                  7578.000000000
                  7578.000000000
                  7578.000000000
                  7578.000000000
                  7578.000000000
                  7578.000000000
                  7578.000000000
                  7578.000000000
                  7578.000000000
                  7578.000000000
                  7578.000000000
                  7578.000000000
                  7578.000000000
                  7578.000000000
                  7578.000000000
                  7578.000000000
                  7578.000000000
                  7578.000000000
                  7578.000000000
                  7578.000000000
                  7578.000000000
                  7578.000000000
                  7578.000000000
                  7578.000000000
                  7578.000000000
                  7578.000000000
                  7578.000000000
                  7578.000000000
                  7578.000000000
                  7578.000000000
                  7578.000000000
                  7578.000000000
                  7578.000000000
                  7578.000000000
                  7578.000000000
                  7578.000000000
                  7578.000000000
                  7578.000000000
                  7578.000000000
                  7578.000000000
