
   scFormation[((p * nSCsPerPlane) + j)].BLJ2E
                       None
                     0.000000100
                     0.000000100
                     0.000000100
                     0.000000100
                     0.000000100
                     0.000000100
                     0.000000100
                     0.000000100
                     0.000000100
                     0.000000100
                     0.000000100
                     0.000000100
                     0.000000100
                     0.000000100
                     0.000000100
                     0.000000100
                     0.000000100
                     0.000000100
                     0.000000100
                     0.000000100
                     0.000000100
                     0.000000100
                     0.000000100
                     0.000000100
                     0.000000100
                     0.000000100
                     0.000000100
                     0.000000100
                     0.000000100
                     0.000000100
                     0.000000100
                     0.000000100
                     0.000000100
                     0.000000100
                     0.000000100
                     0.000000100
                     0.000000100
                     0.000000100
                     0.000000100
                     0.000000100
                     0.000000100
                     0.000000100
                     0.000000100
                     0.000000100
                     0.000000100
                     0.000000100
                     0.000000100
                     0.000000100
                     0.000000100
                     0.000000100
                     0.000000100
                     0.000000100
                     0.000000100
                     0.000000100
                     0.000000100
                     0.000000100
                     0.000000100
                     0.000000100
                     0.000000100
                     0.000000100
                     0.000000100
                     0.000000100
                     0.000000100
                     0.000000100
                     0.000000100
                     0.000000100
                     0.000000100
                     0.000000100
                     0.000000100
                     0.000000100
                     0.000000100
                     0.000000100
                     0.000000100
                     0.000000100
                     0.000000100
                     0.000000100
                     0.000000100
                     0.000000100
                     0.000000100
                     0.000000100
                     0.000000100
                     0.000000100
                     0.000000100
                     0.000000100
                     0.000000100
                     0.000000100
                     0.000000100
                     0.000000100
                     0.000000100
                     0.000000100
                     0.000000100
                     0.000000100
                     0.000000100
                     0.000000100
                     0.000000100
                     0.000000100
                     0.000000100
                     0.000000100
                     0.000000100
                     0.000000100
                     0.000000100
                     0.000000100
                     0.000000100
                     0.000000100
                     0.000000100
                     0.000000100
                     0.000000100
                     0.000000100
                     0.000000100
                     0.000000100
                     0.000000100
                     0.000000100
                     0.000000100
                     0.000000100
                     0.000000100
                     0.000000100
                     0.000000100
                     0.000000100
                     0.000000100
                     0.000000100
                     0.000000100
                     0.000000100
                     0.000000100
                     0.000000100
                     0.000000100
                     0.000000100
                     0.000000100
                     0.000000100
                     0.000000100
                     0.000000100
                     0.000000100
                     0.000000100
                     0.000000100
                     0.000000100
                     0.000000100
                     0.000000100
                     0.000000100
                     0.000000100
                     0.000000100
                     0.000000100
                     0.000000100
                     0.000000100
                     0.000000100
                     0.000000100
                     0.000000100
                     0.000000100
                     0.000000100
                     0.000000100
                     0.000000100
                     0.000000100
                     0.000000100
                     0.000000100
                     0.000000100
                     0.000000100
                     0.000000100
                     0.000000100
                     0.000000100
                     0.000000100
                     0.000000100
                     0.000000100
