
   scFormation[((p * nSCsPerPlane) + j)].BLJ2I
                       deg
                    40.000000000
                    40.000000000
                    40.000000000
                    40.000000000
                    40.000000000
                    40.000000000
                    40.000000000
                    40.000000000
                    40.000000000
                    40.000000000
                    40.000000000
                    40.000000000
                    40.000000000
                    40.000000000
                    40.000000000
                    40.000000000
                    40.000000000
                    40.000000000
                    40.000000000
                    40.000000000
                    40.000000000
                    40.000000000
                    40.000000000
                    40.000000000
                    40.000000000
                    40.000000000
                    40.000000000
                    40.000000000
                    40.000000000
                    40.000000000
                    40.000000000
                    40.000000000
                    40.000000000
                    40.000000000
                    40.000000000
                    40.000000000
                    40.000000000
                    40.000000000
                    40.000000000
                    40.000000000
                    40.000000000
                    40.000000000
                    40.000000000
                    40.000000000
                    40.000000000
                    40.000000000
                    40.000000000
                    40.000000000
                    40.000000000
                    40.000000000
                    40.000000000
                    40.000000000
                    40.000000000
                    40.000000000
                    40.000000000
                    40.000000000
                    40.000000000
                    40.000000000
                    40.000000000
                    40.000000000
                    40.000000000
                    40.000000000
                    40.000000000
                    40.000000000
                    40.000000000
                    40.000000000
                    40.000000000
                    40.000000000
                    40.000000000
                    40.000000000
                    40.000000000
                    40.000000000
                    40.000000000
                    40.000000000
                    40.000000000
                    40.000000000
                    40.000000000
                    40.000000000
                    40.000000000
                    40.000000000
                    40.000000000
                    40.000000000
                    40.000000000
                    40.000000000
                    40.000000000
                    40.000000000
                    40.000000000
                    40.000000000
                    40.000000000
                    40.000000000
                    40.000000000
                    40.000000000
                    40.000000000
                    40.000000000
                    40.000000000
                    40.000000000
                    40.000000000
                    40.000000000
                    40.000000000
                    40.000000000
                    40.000000000
                    40.000000000
                    40.000000000
                    40.000000000
                    40.000000000
                    40.000000000
                    40.000000000
                    40.000000000
                    40.000000000
                    40.000000000
                    40.000000000
                    40.000000000
                    40.000000000
                    40.000000000
                    40.000000000
                    40.000000000
                    40.000000000
                    40.000000000
                    40.000000000
                    40.000000000
                    40.000000000
                    40.000000000
                    40.000000000
                    40.000000000
                    40.000000000
                    40.000000000
                    40.000000000
                    40.000000000
                    40.000000000
                    40.000000000
                    40.000000000
                    40.000000000
                    40.000000000
                    40.000000000
                    40.000000000
                    40.000000000
                    40.000000000
                    40.000000000
                    40.000000000
                    40.000000000
                    40.000000000
                    40.000000000
                    40.000000000
                    40.000000000
                    40.000000000
                    40.000000000
                    40.000000000
                    40.000000000
                    40.000000000
                    40.000000000
                    40.000000000
                    40.000000000
                    40.000000000
                    40.000000000
                    40.000000000
                    40.000000000
                    40.000000000
                    40.000000000
                    40.000000000
                    40.000000000
