
   scFormation[((p * nSCsPerPlane) + j)].BLJ2MA
                        deg
                     0.000000000
                    11.250000000
                    22.500000000
                    33.750000000
                    45.000000000
                    56.250000000
                    67.500000000
                    78.750000000
                    90.000000000
                   101.250000000
                   112.500000000
                   123.750000000
                   135.000000000
                   146.250000000
                   157.500000000
                   168.750000000
                   180.000000000
                   191.250000000
                   202.500000000
                   213.750000000
                   225.000000000
                   236.250000000
                   247.500000000
                   258.750000000
                   270.000000000
                   281.250000000
                   292.500000000
                   303.750000000
                   315.000000000
                   326.250000000
                   337.500000000
                   348.750000000
                     4.500000000
                    15.750000000
                    27.000000000
                    38.250000000
                    49.500000000
                    60.750000000
                    72.000000000
                    83.250000000
                    94.500000000
                   105.750000000
                   117.000000000
                   128.250000000
                   139.500000000
                   150.750000000
                   162.000000000
                   173.250000000
                   184.500000000
                   195.750000000
                   207.000000000
                   218.250000000
                   229.500000000
                   240.750000000
                   252.000000000
                   263.250000000
                   274.500000000
                   285.750000000
                   297.000000000
                   308.250000000
                   319.500000000
                   330.750000000
                   342.000000000
                   353.250000000
                     9.000000000
                    20.250000000
                    31.500000000
                    42.750000000
                    54.000000000
                    65.250000000
                    76.500000000
                    87.750000000
                    99.000000000
                   110.250000000
                   121.500000000
                   132.750000000
                   144.000000000
                   155.250000000
                   166.500000000
                   177.750000000
                   189.000000000
                   200.250000000
                   211.500000000
                   222.750000000
                   234.000000000
                   245.250000000
                   256.500000000
                   267.750000000
                   279.000000000
                   290.250000000
                   301.500000000
                   312.750000000
                   324.000000000
                   335.250000000
                   346.500000000
                   357.750000000
                    13.500000000
                    24.750000000
                    36.000000000
                    47.250000000
                    58.500000000
                    69.750000000
                    81.000000000
                    92.250000000
                   103.500000000
                   114.750000000
                   126.000000000
                   137.250000000
                   148.500000000
                   159.750000000
                   171.000000000
                   182.250000000
                   193.500000000
                   204.750000000
                   216.000000000
                   227.250000000
                   238.500000000
                   249.750000000
                   261.000000000
                   272.250000000
                   283.500000000
                   294.750000000
                   306.000000000
                   317.250000000
                   328.500000000
                   339.750000000
                   351.000000000
                   362.250000000
                    18.000000000
                    29.250000000
                    40.500000000
                    51.750000000
                    63.000000000
                    74.250000000
                    85.500000000
                    96.750000000
                   108.000000000
                   119.250000000
                   130.500000000
                   141.750000000
                   153.000000000
                   164.250000000
                   175.500000000
                   186.750000000
                   198.000000000
                   209.250000000
                   220.500000000
                   231.750000000
                   243.000000000
                   254.250000000
                   265.500000000
                   276.750000000
                   288.000000000
                   299.250000000
                   310.500000000
                   321.750000000
                   333.000000000
                   344.250000000
                   355.500000000
                   366.750000000
