
   PointCoverage.Sum   coveragePointGroup.NumberOfPoints
          None                        None
     2002.000000000              2002.000000000
     1057.000000000              2002.000000000
        0.000000000              2002.000000000
        0.000000000              2002.000000000
        0.000000000              2002.000000000
        0.000000000              2002.000000000
        0.000000000              2002.000000000
        0.000000000              2002.000000000
        0.000000000              2002.000000000
        0.000000000              2002.000000000
      150.000000000              2002.000000000
     2002.000000000              2002.000000000
     2002.000000000              2002.000000000
     2002.000000000              2002.000000000
     2002.000000000              2002.000000000
     2002.000000000              2002.000000000
     2002.000000000              2002.000000000
     2002.000000000              2002.000000000
     2002.000000000              2002.000000000
     2002.000000000              2002.000000000
     2002.000000000              2002.000000000
     2002.000000000              2002.000000000
     2002.000000000              2002.000000000
     1836.000000000              2002.000000000
        0.000000000              2002.000000000
        0.000000000              2002.000000000
        0.000000000              2002.000000000
        0.000000000              2002.000000000
        0.000000000              2002.000000000
        0.000000000              2002.000000000
        0.000000000              2002.000000000
        0.000000000              2002.000000000
        0.000000000              2002.000000000
     1300.000000000              2002.000000000
     2002.000000000              2002.000000000
     2002.000000000              2002.000000000
     2002.000000000              2002.000000000
     2002.000000000              2002.000000000
     1359.000000000              2002.000000000
        0.000000000              2002.000000000
        0.000000000              2002.000000000
        0.000000000              2002.000000000
        0.000000000              2002.000000000
        0.000000000              2002.000000000
        0.000000000              2002.000000000
        0.000000000              2002.000000000
        0.000000000              2002.000000000
        0.000000000              2002.000000000
     1543.000000000              2002.000000000
     2002.000000000              2002.000000000
     2002.000000000              2002.000000000
     2002.000000000              2002.000000000
     2002.000000000              2002.000000000
     2002.000000000              2002.000000000
     2002.000000000              2002.000000000
     2002.000000000              2002.000000000
     2002.000000000              2002.000000000
     2002.000000000              2002.000000000
     2002.000000000              2002.000000000
     2002.000000000              2002.000000000
     2002.000000000              2002.000000000
       66.000000000              2002.000000000
        0.000000000              2002.000000000
        0.000000000              2002.000000000
        0.000000000              2002.000000000
        0.000000000              2002.000000000
        0.000000000              2002.000000000
        0.000000000              2002.000000000
        0.000000000              2002.000000000
        0.000000000              2002.000000000
      247.000000000              2002.000000000
     1831.000000000              2002.000000000
     2002.000000000              2002.000000000
     2002.000000000              2002.000000000
     2002.000000000              2002.000000000
     1626.000000000              2002.000000000
       38.000000000              2002.000000000
        0.000000000              2002.000000000
        0.000000000              2002.000000000
        0.000000000              2002.000000000
        0.000000000              2002.000000000
        0.000000000              2002.000000000
        0.000000000              2002.000000000
        0.000000000              2002.000000000
        0.000000000              2002.000000000
      320.000000000              2002.000000000
     2002.000000000              2002.000000000
     2002.000000000              2002.000000000
     2002.000000000              2002.000000000
     2002.000000000              2002.000000000
     2002.000000000              2002.000000000
     2002.000000000              2002.000000000
     2002.000000000              2002.000000000
     2002.000000000              2002.000000000
     2002.000000000              2002.000000000
     2002.000000000              2002.000000000
     2002.000000000              2002.000000000
     2002.000000000              2002.000000000
     1013.000000000              2002.000000000
        0.000000000              2002.000000000
        0.000000000              2002.000000000
        0.000000000              2002.000000000
        0.000000000              2002.000000000
        0.000000000              2002.000000000
        0.000000000              2002.000000000
        0.000000000              2002.000000000
        0.000000000              2002.000000000
        0.000000000              2002.000000000
     1036.000000000              2002.000000000
     2002.000000000              2002.000000000
     2002.000000000              2002.000000000
     2002.000000000              2002.000000000
     1928.000000000              2002.000000000
      529.000000000              2002.000000000
        0.000000000              2002.000000000
        0.000000000              2002.000000000
        0.000000000              2002.000000000
        0.000000000              2002.000000000
        0.000000000              2002.000000000
        0.000000000              2002.000000000
        0.000000000              2002.000000000
        0.000000000              2002.000000000
        0.000000000              2002.000000000
     1851.000000000              2002.000000000
     2002.000000000              2002.000000000
     2002.000000000              2002.000000000
     2002.000000000              2002.000000000
     2002.000000000              2002.000000000
     2002.000000000              2002.000000000
     2002.000000000              2002.000000000
     2002.000000000              2002.000000000
     2002.000000000              2002.000000000
     2002.000000000              2002.000000000
     2002.000000000              2002.000000000
     2002.000000000              2002.000000000
     2002.000000000              2002.000000000
       27.000000000              2002.000000000
        0.000000000              2002.000000000
        0.000000000              2002.000000000
        0.000000000              2002.000000000
        0.000000000              2002.000000000
        0.000000000              2002.000000000
        0.000000000              2002.000000000
        0.000000000              2002.000000000
        0.000000000              2002.000000000
      227.000000000              2002.000000000
     1743.000000000              2002.000000000
     2002.000000000              2002.000000000
     2002.000000000              2002.000000000
     2002.000000000              2002.000000000
     1345.000000000              2002.000000000
        0.000000000              2002.000000000
        0.000000000              2002.000000000
        0.000000000              2002.000000000
        0.000000000              2002.000000000
        0.000000000              2002.000000000
        0.000000000              2002.000000000
        0.000000000              2002.000000000
        0.000000000              2002.000000000
        0.000000000              2002.000000000
      597.000000000              2002.000000000
     2002.000000000              2002.000000000
     2002.000000000              2002.000000000
     2002.000000000              2002.000000000
     2002.000000000              2002.000000000
     2002.000000000              2002.000000000
     2002.000000000              2002.000000000
     2002.000000000              2002.000000000
     2002.000000000              2002.000000000
     2002.000000000              2002.000000000
     2002.000000000              2002.000000000
     2002.000000000              2002.000000000
     2002.000000000              2002.000000000
     1216.000000000              2002.000000000
        0.000000000              2002.000000000
        0.000000000              2002.000000000
        0.000000000              2002.000000000
        0.000000000              2002.000000000
        0.000000000              2002.000000000
        0.000000000              2002.000000000
        0.000000000              2002.000000000
        0.000000000              2002.000000000
        0.000000000              2002.000000000
     1092.000000000              2002.000000000
     2002.000000000              2002.000000000
     2002.000000000              2002.000000000
     2002.000000000              2002.000000000
     1954.000000000              2002.000000000
      591.000000000              2002.000000000
        0.000000000              2002.000000000
        0.000000000              2002.000000000
        0.000000000              2002.000000000
        0.000000000              2002.000000000
        0.000000000              2002.000000000
        0.000000000              2002.000000000
        0.000000000              2002.000000000
        0.000000000              2002.000000000
        0.000000000              2002.000000000
     1938.000000000              2002.000000000
     2002.000000000              2002.000000000
     2002.000000000              2002.000000000
     2002.000000000              2002.000000000
     2002.000000000              2002.000000000
     2002.000000000              2002.000000000
     2002.000000000              2002.000000000
     2002.000000000              2002.000000000
     2002.000000000              2002.000000000
     2002.000000000              2002.000000000
     2002.000000000              2002.000000000
     2002.000000000              2002.000000000
     2002.000000000              2002.000000000
        0.000000000              2002.000000000
        0.000000000              2002.000000000
        0.000000000              2002.000000000
        0.000000000              2002.000000000
        0.000000000              2002.000000000
        0.000000000              2002.000000000
        0.000000000              2002.000000000
        0.000000000              2002.000000000
        0.000000000              2002.000000000
      426.000000000              2002.000000000
     1902.000000000              2002.000000000
     2002.000000000              2002.000000000
     2002.000000000              2002.000000000
     2002.000000000              2002.000000000
     1344.000000000              2002.000000000
        0.000000000              2002.000000000
        0.000000000              2002.000000000
        0.000000000              2002.000000000
        0.000000000              2002.000000000
        0.000000000              2002.000000000
        0.000000000              2002.000000000
        0.000000000              2002.000000000
        0.000000000              2002.000000000
        0.000000000              2002.000000000
      960.000000000              2002.000000000
     2002.000000000              2002.000000000
     2002.000000000              2002.000000000
     2002.000000000              2002.000000000
     2002.000000000              2002.000000000
     2002.000000000              2002.000000000
     2002.000000000              2002.000000000
     2002.000000000              2002.000000000
     2002.000000000              2002.000000000
     2002.000000000              2002.000000000
     2002.000000000              2002.000000000
     2002.000000000              2002.000000000
     2002.000000000              2002.000000000
      587.000000000              2002.000000000
        0.000000000              2002.000000000
        0.000000000              2002.000000000
        0.000000000              2002.000000000
        0.000000000              2002.000000000
        0.000000000              2002.000000000
        0.000000000              2002.000000000
        0.000000000              2002.000000000
        0.000000000              2002.000000000
       55.000000000              2002.000000000
     1653.000000000              2002.000000000
     2002.000000000              2002.000000000
     2002.000000000              2002.000000000
     2002.000000000              2002.000000000
     1835.000000000              2002.000000000
      252.000000000              2002.000000000
        0.000000000              2002.000000000
        0.000000000              2002.000000000
        0.000000000              2002.000000000
        0.000000000              2002.000000000
        0.000000000              2002.000000000
        0.000000000              2002.000000000
        0.000000000              2002.000000000
        0.000000000              2002.000000000
      177.000000000              2002.000000000
     2002.000000000              2002.000000000
     2002.000000000              2002.000000000
     2002.000000000              2002.000000000
     2002.000000000              2002.000000000
     2002.000000000              2002.000000000
     2002.000000000              2002.000000000
     2002.000000000              2002.000000000
     2002.000000000              2002.000000000
     2002.000000000              2002.000000000
     2002.000000000              2002.000000000
     2002.000000000              2002.000000000
     2002.000000000              2002.000000000
     1374.000000000              2002.000000000
        0.000000000              2002.000000000
        0.000000000              2002.000000000
        0.000000000              2002.000000000
        0.000000000              2002.000000000
        0.000000000              2002.000000000
        0.000000000              2002.000000000
        0.000000000              2002.000000000
        0.000000000              2002.000000000
        0.000000000              2002.000000000
     1420.000000000              2002.000000000
     2002.000000000              2002.000000000
     2002.000000000              2002.000000000
     2002.000000000              2002.000000000
     2002.000000000              2002.000000000
     1042.000000000              2002.000000000
        0.000000000              2002.000000000
        0.000000000              2002.000000000
        0.000000000              2002.000000000
        0.000000000              2002.000000000
        0.000000000              2002.000000000
        0.000000000              2002.000000000
        0.000000000              2002.000000000
        0.000000000              2002.000000000
        0.000000000              2002.000000000
     1945.000000000              2002.000000000
     2002.000000000              2002.000000000
     2002.000000000              2002.000000000
     2002.000000000              2002.000000000
     2002.000000000              2002.000000000
     2002.000000000              2002.000000000
     2002.000000000              2002.000000000
     2002.000000000              2002.000000000
     2002.000000000              2002.000000000
     2002.000000000              2002.000000000
     2002.000000000              2002.000000000
     2002.000000000              2002.000000000
     2002.000000000              2002.000000000
       49.000000000              2002.000000000
        0.000000000              2002.000000000
        0.000000000              2002.000000000
        0.000000000              2002.000000000
        0.000000000              2002.000000000
        0.000000000              2002.000000000
        0.000000000              2002.000000000
        0.000000000              2002.000000000
        0.000000000              2002.000000000
      917.000000000              2002.000000000
     2002.000000000              2002.000000000
     2002.000000000              2002.000000000
     2002.000000000              2002.000000000
     2002.000000000              2002.000000000
     2002.000000000              2002.000000000
      516.000000000              2002.000000000
        0.000000000              2002.000000000
        0.000000000              2002.000000000
        0.000000000              2002.000000000
        0.000000000              2002.000000000
        0.000000000              2002.000000000
        0.000000000              2002.000000000
        0.000000000              2002.000000000
        0.000000000              2002.000000000
      760.000000000              2002.000000000
     2002.000000000              2002.000000000
     2002.000000000              2002.000000000
     2002.000000000              2002.000000000
     2002.000000000              2002.000000000
     2002.000000000              2002.000000000
     2002.000000000              2002.000000000
     2002.000000000              2002.000000000
     2002.000000000              2002.000000000
     2002.000000000              2002.000000000
     2002.000000000              2002.000000000
     2002.000000000              2002.000000000
     2002.000000000              2002.000000000
     1988.000000000              2002.000000000
        0.000000000              2002.000000000
        0.000000000              2002.000000000
        0.000000000              2002.000000000
        0.000000000              2002.000000000
        0.000000000              2002.000000000
        0.000000000              2002.000000000
        0.000000000              2002.000000000
        0.000000000              2002.000000000
       31.000000000              2002.000000000
     1895.000000000              2002.000000000
     2002.000000000              2002.000000000
     2002.000000000              2002.000000000
     2002.000000000              2002.000000000
     2002.000000000              2002.000000000
     2002.000000000              2002.000000000
      483.000000000              2002.000000000
        0.000000000              2002.000000000
        0.000000000              2002.000000000
        0.000000000              2002.000000000
        0.000000000              2002.000000000
        0.000000000              2002.000000000
        0.000000000              2002.000000000
        0.000000000              2002.000000000
        0.000000000              2002.000000000
     1769.000000000              2002.000000000
     2002.000000000              2002.000000000
     2002.000000000              2002.000000000
     2002.000000000              2002.000000000
     2002.000000000              2002.000000000
     2002.000000000              2002.000000000
     2002.000000000              2002.000000000
     2002.000000000              2002.000000000
     2002.000000000              2002.000000000
     2002.000000000              2002.000000000
     2002.000000000              2002.000000000
     2002.000000000              2002.000000000
     2002.000000000              2002.000000000
     1930.000000000              2002.000000000
        0.000000000              2002.000000000
        0.000000000              2002.000000000
        0.000000000              2002.000000000
        0.000000000              2002.000000000
        0.000000000              2002.000000000
        0.000000000              2002.000000000
        0.000000000              2002.000000000
        0.000000000              2002.000000000
      820.000000000              2002.000000000
     2002.000000000              2002.000000000
     2002.000000000              2002.000000000
     2002.000000000              2002.000000000
     2002.000000000              2002.000000000
     2002.000000000              2002.000000000
     2002.000000000              2002.000000000
      497.000000000              2002.000000000
        0.000000000              2002.000000000
        0.000000000              2002.000000000
        0.000000000              2002.000000000
        0.000000000              2002.000000000
        0.000000000              2002.000000000
        0.000000000              2002.000000000
        0.000000000              2002.000000000
       81.000000000              2002.000000000
     2002.000000000              2002.000000000
     2002.000000000              2002.000000000
     2002.000000000              2002.000000000
     2002.000000000              2002.000000000
     2002.000000000              2002.000000000
     2002.000000000              2002.000000000
     2002.000000000              2002.000000000
     2002.000000000              2002.000000000
     2002.000000000              2002.000000000
     2002.000000000              2002.000000000
     2002.000000000              2002.000000000
     2002.000000000              2002.000000000
     2002.000000000              2002.000000000
     1470.000000000              2002.000000000
        0.000000000              2002.000000000
        0.000000000              2002.000000000
        0.000000000              2002.000000000
        0.000000000              2002.000000000
        0.000000000              2002.000000000
        0.000000000              2002.000000000
        0.000000000              2002.000000000
       34.000000000              2002.000000000
     2002.000000000              2002.000000000
     2002.000000000              2002.000000000
     2002.000000000              2002.000000000
     2002.000000000              2002.000000000
     2002.000000000              2002.000000000
     2002.000000000              2002.000000000
     2002.000000000              2002.000000000
       48.000000000              2002.000000000
        0.000000000              2002.000000000
        0.000000000              2002.000000000
        0.000000000              2002.000000000
        0.000000000              2002.000000000
        0.000000000              2002.000000000
        0.000000000              2002.000000000
        0.000000000              2002.000000000
     1835.000000000              2002.000000000
     2002.000000000              2002.000000000
     2002.000000000              2002.000000000
     2002.000000000              2002.000000000
     2002.000000000              2002.000000000
     2002.000000000              2002.000000000
     2002.000000000              2002.000000000
     2002.000000000              2002.000000000
     2002.000000000              2002.000000000
     2002.000000000              2002.000000000
     2002.000000000              2002.000000000
     2002.000000000              2002.000000000
     2002.000000000              2002.000000000
     2002.000000000              2002.000000000
       14.000000000              2002.000000000
        0.000000000              2002.000000000
        0.000000000              2002.000000000
        0.000000000              2002.000000000
        0.000000000              2002.000000000
        0.000000000              2002.000000000
        0.000000000              2002.000000000
        0.000000000              2002.000000000
     2002.000000000              2002.000000000
     2002.000000000              2002.000000000
     2002.000000000              2002.000000000
     2002.000000000              2002.000000000
     2002.000000000              2002.000000000
     2002.000000000              2002.000000000
     2002.000000000              2002.000000000
      959.000000000              2002.000000000
        0.000000000              2002.000000000
        0.000000000              2002.000000000
        0.000000000              2002.000000000
        0.000000000              2002.000000000
        0.000000000              2002.000000000
        0.000000000              2002.000000000
        0.000000000              2002.000000000
     1819.000000000              2002.000000000
     2002.000000000              2002.000000000
     2002.000000000              2002.000000000
     2002.000000000              2002.000000000
     2002.000000000              2002.000000000
     2002.000000000              2002.000000000
     2002.000000000              2002.000000000
     2002.000000000              2002.000000000
     2002.000000000              2002.000000000
     2002.000000000              2002.000000000
     2002.000000000              2002.000000000
     2002.000000000              2002.000000000
     2002.000000000              2002.000000000
     2002.000000000              2002.000000000
      328.000000000              2002.000000000
        0.000000000              2002.000000000
        0.000000000              2002.000000000
        0.000000000              2002.000000000
        0.000000000              2002.000000000
        0.000000000              2002.000000000
        0.000000000              2002.000000000
      296.000000000              2002.000000000
     2002.000000000              2002.000000000
     2002.000000000              2002.000000000
     2002.000000000              2002.000000000
     2002.000000000              2002.000000000
     2002.000000000              2002.000000000
     2002.000000000              2002.000000000
     2002.000000000              2002.000000000
     1549.000000000              2002.000000000
        0.000000000              2002.000000000
        0.000000000              2002.000000000
        0.000000000              2002.000000000
        0.000000000              2002.000000000
        0.000000000              2002.000000000
        0.000000000              2002.000000000
        0.000000000              2002.000000000
     2002.000000000              2002.000000000
     2002.000000000              2002.000000000
     2002.000000000              2002.000000000
     2002.000000000              2002.000000000
     2002.000000000              2002.000000000
     2002.000000000              2002.000000000
     2002.000000000              2002.000000000
     2002.000000000              2002.000000000
     2002.000000000              2002.000000000
     2002.000000000              2002.000000000
     2002.000000000              2002.000000000
     2002.000000000              2002.000000000
     2002.000000000              2002.000000000
     2002.000000000              2002.000000000
      580.000000000              2002.000000000
        0.000000000              2002.000000000
        0.000000000              2002.000000000
        0.000000000              2002.000000000
        0.000000000              2002.000000000
        0.000000000              2002.000000000
        0.000000000              2002.000000000
      792.000000000              2002.000000000
     2002.000000000              2002.000000000
     2002.000000000              2002.000000000
     2002.000000000              2002.000000000
     2002.000000000              2002.000000000
     2002.000000000              2002.000000000
     2002.000000000              2002.000000000
     2002.000000000              2002.000000000
     2002.000000000              2002.000000000
        0.000000000              2002.000000000
        0.000000000              2002.000000000
        0.000000000              2002.000000000
        0.000000000              2002.000000000
        0.000000000              2002.000000000
        0.000000000              2002.000000000
        0.000000000              2002.000000000
     2002.000000000              2002.000000000
     2002.000000000              2002.000000000
     2002.000000000              2002.000000000
     2002.000000000              2002.000000000
     2002.000000000              2002.000000000
     2002.000000000              2002.000000000
     2002.000000000              2002.000000000
     2002.000000000              2002.000000000
     2002.000000000              2002.000000000
     2002.000000000              2002.000000000
     2002.000000000              2002.000000000
     2002.000000000              2002.000000000
     2002.000000000              2002.000000000
     2002.000000000              2002.000000000
     1368.000000000              2002.000000000
        0.000000000              2002.000000000
        0.000000000              2002.000000000
        0.000000000              2002.000000000
        0.000000000              2002.000000000
        0.000000000              2002.000000000
        0.000000000              2002.000000000
      533.000000000              2002.000000000
     2002.000000000              2002.000000000
     2002.000000000              2002.000000000
     2002.000000000              2002.000000000
     2002.000000000              2002.000000000
     2002.000000000              2002.000000000
     2002.000000000              2002.000000000
     2002.000000000              2002.000000000
     2002.000000000              2002.000000000
      681.000000000              2002.000000000
        0.000000000              2002.000000000
        0.000000000              2002.000000000
        0.000000000              2002.000000000
        0.000000000              2002.000000000
        0.000000000              2002.000000000
        0.000000000              2002.000000000
     1294.000000000              2002.000000000
     2002.000000000              2002.000000000
     2002.000000000              2002.000000000
     2002.000000000              2002.000000000
     2002.000000000              2002.000000000
     2002.000000000              2002.000000000
     2002.000000000              2002.000000000
     2002.000000000              2002.000000000
     2002.000000000              2002.000000000
     2002.000000000              2002.000000000
     2002.000000000              2002.000000000
     2002.000000000              2002.000000000
     2002.000000000              2002.000000000
     2002.000000000              2002.000000000
     2002.000000000              2002.000000000
        0.000000000              2002.000000000
        0.000000000              2002.000000000
        0.000000000              2002.000000000
        0.000000000              2002.000000000
        0.000000000              2002.000000000
        0.000000000              2002.000000000
        0.000000000              2002.000000000
     2002.000000000              2002.000000000
     2002.000000000              2002.000000000
     2002.000000000              2002.000000000
     2002.000000000              2002.000000000
     2002.000000000              2002.000000000
     2002.000000000              2002.000000000
     2002.000000000              2002.000000000
     2002.000000000              2002.000000000
     2002.000000000              2002.000000000
        0.000000000              2002.000000000
        0.000000000              2002.000000000
        0.000000000              2002.000000000
        0.000000000              2002.000000000
        0.000000000              2002.000000000
        0.000000000              2002.000000000
        0.000000000              2002.000000000
     2002.000000000              2002.000000000
     2002.000000000              2002.000000000
     2002.000000000              2002.000000000
     2002.000000000              2002.000000000
     2002.000000000              2002.000000000
     2002.000000000              2002.000000000
     2002.000000000              2002.000000000
     2002.000000000              2002.000000000
     2002.000000000              2002.000000000
     2002.000000000              2002.000000000
     2002.000000000              2002.000000000
     2002.000000000              2002.000000000
     2002.000000000              2002.000000000
     2002.000000000              2002.000000000
     2002.000000000              2002.000000000
        0.000000000              2002.000000000
        0.000000000              2002.000000000
        0.000000000              2002.000000000
        0.000000000              2002.000000000
        0.000000000              2002.000000000
        0.000000000              2002.000000000
      531.000000000              2002.000000000
     2002.000000000              2002.000000000
     2002.000000000              2002.000000000
     2002.000000000              2002.000000000
     2002.000000000              2002.000000000
     2002.000000000              2002.000000000
     2002.000000000              2002.000000000
     2002.000000000              2002.000000000
     2002.000000000              2002.000000000
     2002.000000000              2002.000000000
        0.000000000              2002.000000000
        0.000000000              2002.000000000
        0.000000000              2002.000000000
        0.000000000              2002.000000000
        0.000000000              2002.000000000
        0.000000000              2002.000000000
      600.000000000              2002.000000000
     2002.000000000              2002.000000000
     2002.000000000              2002.000000000
     2002.000000000              2002.000000000
     2002.000000000              2002.000000000
     2002.000000000              2002.000000000
     2002.000000000              2002.000000000
     2002.000000000              2002.000000000
     2002.000000000              2002.000000000
     2002.000000000              2002.000000000
     2002.000000000              2002.000000000
     2002.000000000              2002.000000000
     2002.000000000              2002.000000000
     2002.000000000              2002.000000000
     2002.000000000              2002.000000000
     1845.000000000              2002.000000000
        0.000000000              2002.000000000
        0.000000000              2002.000000000
        0.000000000              2002.000000000
        0.000000000              2002.000000000
        0.000000000              2002.000000000
        0.000000000              2002.000000000
     1791.000000000              2002.000000000
     2002.000000000              2002.000000000
     2002.000000000              2002.000000000
     2002.000000000              2002.000000000
     2002.000000000              2002.000000000
     2002.000000000              2002.000000000
     2002.000000000              2002.000000000
     2002.000000000              2002.000000000
     2002.000000000              2002.000000000
     1991.000000000              2002.000000000
        0.000000000              2002.000000000
        0.000000000              2002.000000000
        0.000000000              2002.000000000
        0.000000000              2002.000000000
        0.000000000              2002.000000000
        0.000000000              2002.000000000
     1956.000000000              2002.000000000
     2002.000000000              2002.000000000
     2002.000000000              2002.000000000
     2002.000000000              2002.000000000
     2002.000000000              2002.000000000
     2002.000000000              2002.000000000
     2002.000000000              2002.000000000
     2002.000000000              2002.000000000
     2002.000000000              2002.000000000
     2002.000000000              2002.000000000
     2002.000000000              2002.000000000
     2002.000000000              2002.000000000
     2002.000000000              2002.000000000
     2002.000000000              2002.000000000
     2002.000000000              2002.000000000
     1520.000000000              2002.000000000
        0.000000000              2002.000000000
        0.000000000              2002.000000000
        0.000000000              2002.000000000
        0.000000000              2002.000000000
        0.000000000              2002.000000000
      325.000000000              2002.000000000
     2002.000000000              2002.000000000
     2002.000000000              2002.000000000
     2002.000000000              2002.000000000
     2002.000000000              2002.000000000
     2002.000000000              2002.000000000
     2002.000000000              2002.000000000
     2002.000000000              2002.000000000
     2002.000000000              2002.000000000
     2002.000000000              2002.000000000
      951.000000000              2002.000000000
        0.000000000              2002.000000000
        0.000000000              2002.000000000
        0.000000000              2002.000000000
        0.000000000              2002.000000000
        0.000000000              2002.000000000
     1001.000000000              2002.000000000
     2002.000000000              2002.000000000
     2002.000000000              2002.000000000
     2002.000000000              2002.000000000
     2002.000000000              2002.000000000
     2002.000000000              2002.000000000
     2002.000000000              2002.000000000
     2002.000000000              2002.000000000
     2002.000000000              2002.000000000
     2002.000000000              2002.000000000
     2002.000000000              2002.000000000
     2002.000000000              2002.000000000
     2002.000000000              2002.000000000
     2002.000000000              2002.000000000
     2002.000000000              2002.000000000
     2002.000000000              2002.000000000
        0.000000000              2002.000000000
        0.000000000              2002.000000000
        0.000000000              2002.000000000
        0.000000000              2002.000000000
        0.000000000              2002.000000000
        0.000000000              2002.000000000
     2002.000000000              2002.000000000
     2002.000000000              2002.000000000
     2002.000000000              2002.000000000
     2002.000000000              2002.000000000
     2002.000000000              2002.000000000
     2002.000000000              2002.000000000
     2002.000000000              2002.000000000
     2002.000000000              2002.000000000
     2002.000000000              2002.000000000
     1599.000000000              2002.000000000
        0.000000000              2002.000000000
        0.000000000              2002.000000000
        0.000000000              2002.000000000
        0.000000000              2002.000000000
        0.000000000              2002.000000000
      596.000000000              2002.000000000
     2002.000000000              2002.000000000
     2002.000000000              2002.000000000
     2002.000000000              2002.000000000
     2002.000000000              2002.000000000
     2002.000000000              2002.000000000
     2002.000000000              2002.000000000
     2002.000000000              2002.000000000
     2002.000000000              2002.000000000
     2002.000000000              2002.000000000
     2002.000000000              2002.000000000
     2002.000000000              2002.000000000
     2002.000000000              2002.000000000
     2002.000000000              2002.000000000
     2002.000000000              2002.000000000
     2002.000000000              2002.000000000
        0.000000000              2002.000000000
        0.000000000              2002.000000000
        0.000000000              2002.000000000
        0.000000000              2002.000000000
        0.000000000              2002.000000000
        0.000000000              2002.000000000
     2002.000000000              2002.000000000
     2002.000000000              2002.000000000
     2002.000000000              2002.000000000
     2002.000000000              2002.000000000
     2002.000000000              2002.000000000
     2002.000000000              2002.000000000
     2002.000000000              2002.000000000
     2002.000000000              2002.000000000
     2002.000000000              2002.000000000
      784.000000000              2002.000000000
        0.000000000              2002.000000000
        0.000000000              2002.000000000
        0.000000000              2002.000000000
        0.000000000              2002.000000000
        0.000000000              2002.000000000
      583.000000000              2002.000000000
     2002.000000000              2002.000000000
     2002.000000000              2002.000000000
     2002.000000000              2002.000000000
     2002.000000000              2002.000000000
     2002.000000000              2002.000000000
     2002.000000000              2002.000000000
     2002.000000000              2002.000000000
     2002.000000000              2002.000000000
     2002.000000000              2002.000000000
     2002.000000000              2002.000000000
     2002.000000000              2002.000000000
     2002.000000000              2002.000000000
     2002.000000000              2002.000000000
     2002.000000000              2002.000000000
     1357.000000000              2002.000000000
        0.000000000              2002.000000000
        0.000000000              2002.000000000
        0.000000000              2002.000000000
        0.000000000              2002.000000000
        0.000000000              2002.000000000
        0.000000000              2002.000000000
     2002.000000000              2002.000000000
     2002.000000000              2002.000000000
     2002.000000000              2002.000000000
     2002.000000000              2002.000000000
     2002.000000000              2002.000000000
     2002.000000000              2002.000000000
     2002.000000000              2002.000000000
     2002.000000000              2002.000000000
     2002.000000000              2002.000000000
        0.000000000              2002.000000000
        0.000000000              2002.000000000
        0.000000000              2002.000000000
        0.000000000              2002.000000000
        0.000000000              2002.000000000
        0.000000000              2002.000000000
      231.000000000              2002.000000000
     2002.000000000              2002.000000000
     2002.000000000              2002.000000000
     2002.000000000              2002.000000000
     2002.000000000              2002.000000000
     2002.000000000              2002.000000000
     2002.000000000              2002.000000000
     2002.000000000              2002.000000000
     2002.000000000              2002.000000000
     2002.000000000              2002.000000000
     2002.000000000              2002.000000000
     2002.000000000              2002.000000000
     2002.000000000              2002.000000000
     2002.000000000              2002.000000000
     2002.000000000              2002.000000000
      397.000000000              2002.000000000
        0.000000000              2002.000000000
        0.000000000              2002.000000000
        0.000000000              2002.000000000
        0.000000000              2002.000000000
        0.000000000              2002.000000000
        0.000000000              2002.000000000
     1038.000000000              2002.000000000
     2002.000000000              2002.000000000
     2002.000000000              2002.000000000
     2002.000000000              2002.000000000
     2002.000000000              2002.000000000
     2002.000000000              2002.000000000
     2002.000000000              2002.000000000
     2002.000000000              2002.000000000
     1787.000000000              2002.000000000
        0.000000000              2002.000000000
        0.000000000              2002.000000000
        0.000000000              2002.000000000
        0.000000000              2002.000000000
        0.000000000              2002.000000000
        0.000000000              2002.000000000
        0.000000000              2002.000000000
     1638.000000000              2002.000000000
     2002.000000000              2002.000000000
     2002.000000000              2002.000000000
     2002.000000000              2002.000000000
     2002.000000000              2002.000000000
     2002.000000000              2002.000000000
     2002.000000000              2002.000000000
     2002.000000000              2002.000000000
     2002.000000000              2002.000000000
     2002.000000000              2002.000000000
     2002.000000000              2002.000000000
     2002.000000000              2002.000000000
     2002.000000000              2002.000000000
     2002.000000000              2002.000000000
     1998.000000000              2002.000000000
     1643.000000000              2002.000000000
      675.000000000              2002.000000000
        0.000000000              2002.000000000
        0.000000000              2002.000000000
        0.000000000              2002.000000000
        0.000000000              2002.000000000
        0.000000000              2002.000000000
      973.000000000              2002.000000000
     2002.000000000              2002.000000000
     2002.000000000              2002.000000000
     2002.000000000              2002.000000000
     2002.000000000              2002.000000000
     2002.000000000              2002.000000000
     2002.000000000              2002.000000000
     2001.000000000              2002.000000000
        0.000000000              2002.000000000
        0.000000000              2002.000000000
        0.000000000              2002.000000000
        0.000000000              2002.000000000
        0.000000000              2002.000000000
        0.000000000              2002.000000000
        0.000000000              2002.000000000
        0.000000000              2002.000000000
     1420.000000000              2002.000000000
     2002.000000000              2002.000000000
     2002.000000000              2002.000000000
     2002.000000000              2002.000000000
     2002.000000000              2002.000000000
     2002.000000000              2002.000000000
     2002.000000000              2002.000000000
     2002.000000000              2002.000000000
     2002.000000000              2002.000000000
     2002.000000000              2002.000000000
     2002.000000000              2002.000000000
     2002.000000000              2002.000000000
     2002.000000000              2002.000000000
     2002.000000000              2002.000000000
     2002.000000000              2002.000000000
     2002.000000000              2002.000000000
     2002.000000000              2002.000000000
      836.000000000              2002.000000000
        0.000000000              2002.000000000
        0.000000000              2002.000000000
        0.000000000              2002.000000000
        0.000000000              2002.000000000
        0.000000000              2002.000000000
     1683.000000000              2002.000000000
     2002.000000000              2002.000000000
     2002.000000000              2002.000000000
     2002.000000000              2002.000000000
     2002.000000000              2002.000000000
     2002.000000000              2002.000000000
      680.000000000              2002.000000000
        0.000000000              2002.000000000
        0.000000000              2002.000000000
        0.000000000              2002.000000000
        0.000000000              2002.000000000
        0.000000000              2002.000000000
        0.000000000              2002.000000000
        0.000000000              2002.000000000
        0.000000000              2002.000000000
      247.000000000              2002.000000000
     2002.000000000              2002.000000000
     2002.000000000              2002.000000000
     2002.000000000              2002.000000000
     2002.000000000              2002.000000000
     2002.000000000              2002.000000000
     2002.000000000              2002.000000000
     2002.000000000              2002.000000000
     2002.000000000              2002.000000000
     2002.000000000              2002.000000000
     2002.000000000              2002.000000000
     2002.000000000              2002.000000000
     2002.000000000              2002.000000000
     2002.000000000              2002.000000000
     2002.000000000              2002.000000000
     2002.000000000              2002.000000000
     2002.000000000              2002.000000000
      343.000000000              2002.000000000
        0.000000000              2002.000000000
        0.000000000              2002.000000000
        0.000000000              2002.000000000
        0.000000000              2002.000000000
        0.000000000              2002.000000000
        0.000000000              2002.000000000
     1191.000000000              2002.000000000
     1948.000000000              2002.000000000
     2002.000000000              2002.000000000
     1671.000000000              2002.000000000
      465.000000000              2002.000000000
        0.000000000              2002.000000000
        0.000000000              2002.000000000
        0.000000000              2002.000000000
        0.000000000              2002.000000000
        0.000000000              2002.000000000
        0.000000000              2002.000000000
        0.000000000              2002.000000000
        0.000000000              2002.000000000
        0.000000000              2002.000000000
        0.000000000              2002.000000000
     1851.000000000              2002.000000000
     2002.000000000              2002.000000000
     2002.000000000              2002.000000000
     2002.000000000              2002.000000000
     2002.000000000              2002.000000000
     2002.000000000              2002.000000000
     2002.000000000              2002.000000000
     2002.000000000              2002.000000000
     2002.000000000              2002.000000000
     2002.000000000              2002.000000000
     2002.000000000              2002.000000000
     2002.000000000              2002.000000000
     2002.000000000              2002.000000000
     2002.000000000              2002.000000000
     2002.000000000              2002.000000000
      569.000000000              2002.000000000
        0.000000000              2002.000000000
        0.000000000              2002.000000000
        0.000000000              2002.000000000
        0.000000000              2002.000000000
        0.000000000              2002.000000000
        0.000000000              2002.000000000
        0.000000000              2002.000000000
        0.000000000              2002.000000000
        0.000000000              2002.000000000
       27.000000000              2002.000000000
     1106.000000000              2002.000000000
     1691.000000000              2002.000000000
     1589.000000000              2002.000000000
      758.000000000              2002.000000000
        0.000000000              2002.000000000
        0.000000000              2002.000000000
        0.000000000              2002.000000000
        0.000000000              2002.000000000
        0.000000000              2002.000000000
        0.000000000              2002.000000000
        0.000000000              2002.000000000
        0.000000000              2002.000000000
     1776.000000000              2002.000000000
     2002.000000000              2002.000000000
     2002.000000000              2002.000000000
     2002.000000000              2002.000000000
     2002.000000000              2002.000000000
     2002.000000000              2002.000000000
     2002.000000000              2002.000000000
     2002.000000000              2002.000000000
     2002.000000000              2002.000000000
     2002.000000000              2002.000000000
     2002.000000000              2002.000000000
     2002.000000000              2002.000000000
     2002.000000000              2002.000000000
     2002.000000000              2002.000000000
      858.000000000              2002.000000000
        0.000000000              2002.000000000
        0.000000000              2002.000000000
        0.000000000              2002.000000000
        0.000000000              2002.000000000
        0.000000000              2002.000000000
        0.000000000              2002.000000000
        0.000000000              2002.000000000
        0.000000000              2002.000000000
      370.000000000              2002.000000000
     2002.000000000              2002.000000000
     2002.000000000              2002.000000000
     2002.000000000              2002.000000000
     2002.000000000              2002.000000000
     2002.000000000              2002.000000000
     1002.000000000              2002.000000000
        0.000000000              2002.000000000
        0.000000000              2002.000000000
        0.000000000              2002.000000000
        0.000000000              2002.000000000
        0.000000000              2002.000000000
        0.000000000              2002.000000000
        0.000000000              2002.000000000
      354.000000000              2002.000000000
     1925.000000000              2002.000000000
     2002.000000000              2002.000000000
     2002.000000000              2002.000000000
     2002.000000000              2002.000000000
     2002.000000000              2002.000000000
     2002.000000000              2002.000000000
     2002.000000000              2002.000000000
     2002.000000000              2002.000000000
     2002.000000000              2002.000000000
     2002.000000000              2002.000000000
     2002.000000000              2002.000000000
     2002.000000000              2002.000000000
     2002.000000000              2002.000000000
     2002.000000000              2002.000000000
        0.000000000              2002.000000000
        0.000000000              2002.000000000
        0.000000000              2002.000000000
        0.000000000              2002.000000000
        0.000000000              2002.000000000
        0.000000000              2002.000000000
        0.000000000              2002.000000000
        0.000000000              2002.000000000
     1064.000000000              2002.000000000
     2002.000000000              2002.000000000
     2002.000000000              2002.000000000
     2002.000000000              2002.000000000
     2002.000000000              2002.000000000
     2002.000000000              2002.000000000
     2002.000000000              2002.000000000
     1528.000000000              2002.000000000
        0.000000000              2002.000000000
        0.000000000              2002.000000000
        0.000000000              2002.000000000
        0.000000000              2002.000000000
        0.000000000              2002.000000000
        0.000000000              2002.000000000
        0.000000000              2002.000000000
      255.000000000              2002.000000000
     2002.000000000              2002.000000000
     2002.000000000              2002.000000000
     2002.000000000              2002.000000000
     2002.000000000              2002.000000000
     2002.000000000              2002.000000000
     2002.000000000              2002.000000000
     2002.000000000              2002.000000000
     2002.000000000              2002.000000000
     2002.000000000              2002.000000000
     2002.000000000              2002.000000000
     2002.000000000              2002.000000000
     2002.000000000              2002.000000000
     2002.000000000              2002.000000000
     2002.000000000              2002.000000000
        0.000000000              2002.000000000
        0.000000000              2002.000000000
        0.000000000              2002.000000000
        0.000000000              2002.000000000
        0.000000000              2002.000000000
        0.000000000              2002.000000000
        0.000000000              2002.000000000
       19.000000000              2002.000000000
     2002.000000000              2002.000000000
     2002.000000000              2002.000000000
     2002.000000000              2002.000000000
     2002.000000000              2002.000000000
     2002.000000000              2002.000000000
     2002.000000000              2002.000000000
     2002.000000000              2002.000000000
     2002.000000000              2002.000000000
      102.000000000              2002.000000000
        0.000000000              2002.000000000
        0.000000000              2002.000000000
        0.000000000              2002.000000000
        0.000000000              2002.000000000
        0.000000000              2002.000000000
        0.000000000              2002.000000000
      137.000000000              2002.000000000
     2002.000000000              2002.000000000
     2002.000000000              2002.000000000
     2002.000000000              2002.000000000
     2002.000000000              2002.000000000
     2002.000000000              2002.000000000
     2002.000000000              2002.000000000
     2002.000000000              2002.000000000
     2002.000000000              2002.000000000
     2002.000000000              2002.000000000
     2002.000000000              2002.000000000
     2002.000000000              2002.000000000
     2002.000000000              2002.000000000
     2002.000000000              2002.000000000
     2002.000000000              2002.000000000
      501.000000000              2002.000000000
        0.000000000              2002.000000000
        0.000000000              2002.000000000
        0.000000000              2002.000000000
        0.000000000              2002.000000000
        0.000000000              2002.000000000
        0.000000000              2002.000000000
      678.000000000              2002.000000000
     2002.000000000              2002.000000000
     2002.000000000              2002.000000000
     2002.000000000              2002.000000000
     2002.000000000              2002.000000000
     2002.000000000              2002.000000000
     2002.000000000              2002.000000000
     2002.000000000              2002.000000000
     2002.000000000              2002.000000000
     1157.000000000              2002.000000000
        0.000000000              2002.000000000
        0.000000000              2002.000000000
        0.000000000              2002.000000000
        0.000000000              2002.000000000
        0.000000000              2002.000000000
        0.000000000              2002.000000000
     1094.000000000              2002.000000000
     2002.000000000              2002.000000000
     2002.000000000              2002.000000000
     2002.000000000              2002.000000000
     2002.000000000              2002.000000000
     2002.000000000              2002.000000000
     2002.000000000              2002.000000000
     2002.000000000              2002.000000000
     2002.000000000              2002.000000000
     2002.000000000              2002.000000000
     2002.000000000              2002.000000000
     2002.000000000              2002.000000000
     2002.000000000              2002.000000000
     2002.000000000              2002.000000000
     2002.000000000              2002.000000000
     1293.000000000              2002.000000000
        0.000000000              2002.000000000
        0.000000000              2002.000000000
        0.000000000              2002.000000000
        0.000000000              2002.000000000
        0.000000000              2002.000000000
        0.000000000              2002.000000000
     2002.000000000              2002.000000000
     2002.000000000              2002.000000000
     2002.000000000              2002.000000000
     2002.000000000              2002.000000000
     2002.000000000              2002.000000000
     2002.000000000              2002.000000000
     2002.000000000              2002.000000000
     2002.000000000              2002.000000000
     2002.000000000              2002.000000000
     1128.000000000              2002.000000000
        0.000000000              2002.000000000
        0.000000000              2002.000000000
        0.000000000              2002.000000000
        0.000000000              2002.000000000
        0.000000000              2002.000000000
       15.000000000              2002.000000000
     2002.000000000              2002.000000000
     2002.000000000              2002.000000000
     2002.000000000              2002.000000000
     2002.000000000              2002.000000000
     2002.000000000              2002.000000000
     2002.000000000              2002.000000000
     2002.000000000              2002.000000000
     2002.000000000              2002.000000000
     2002.000000000              2002.000000000
     2002.000000000              2002.000000000
     2002.000000000              2002.000000000
     2002.000000000              2002.000000000
     2002.000000000              2002.000000000
     2002.000000000              2002.000000000
     2002.000000000              2002.000000000
        0.000000000              2002.000000000
        0.000000000              2002.000000000
        0.000000000              2002.000000000
        0.000000000              2002.000000000
        0.000000000              2002.000000000
        0.000000000              2002.000000000
     1961.000000000              2002.000000000
     2002.000000000              2002.000000000
     2002.000000000              2002.000000000
     2002.000000000              2002.000000000
     2002.000000000              2002.000000000
     2002.000000000              2002.000000000
     2002.000000000              2002.000000000
     2002.000000000              2002.000000000
     2002.000000000              2002.000000000
     1968.000000000              2002.000000000
        0.000000000              2002.000000000
        0.000000000              2002.000000000
        0.000000000              2002.000000000
        0.000000000              2002.000000000
        0.000000000              2002.000000000
      326.000000000              2002.000000000
     2002.000000000              2002.000000000
     2002.000000000              2002.000000000
     2002.000000000              2002.000000000
     2002.000000000              2002.000000000
     2002.000000000              2002.000000000
     2002.000000000              2002.000000000
     2002.000000000              2002.000000000
     2002.000000000              2002.000000000
     2002.000000000              2002.000000000
     2002.000000000              2002.000000000
     2002.000000000              2002.000000000
     2002.000000000              2002.000000000
     2002.000000000              2002.000000000
     2002.000000000              2002.000000000
     2002.000000000              2002.000000000
        0.000000000              2002.000000000
        0.000000000              2002.000000000
        0.000000000              2002.000000000
        0.000000000              2002.000000000
        0.000000000              2002.000000000
       18.000000000              2002.000000000
     2002.000000000              2002.000000000
     2002.000000000              2002.000000000
     2002.000000000              2002.000000000
     2002.000000000              2002.000000000
     2002.000000000              2002.000000000
     2002.000000000              2002.000000000
     2002.000000000              2002.000000000
     2002.000000000              2002.000000000
     2002.000000000              2002.000000000
     1162.000000000              2002.000000000
        0.000000000              2002.000000000
        0.000000000              2002.000000000
        0.000000000              2002.000000000
        0.000000000              2002.000000000
        0.000000000              2002.000000000
     1623.000000000              2002.000000000
     2002.000000000              2002.000000000
     2002.000000000              2002.000000000
     2002.000000000              2002.000000000
     2002.000000000              2002.000000000
     2002.000000000              2002.000000000
     2002.000000000              2002.000000000
     2002.000000000              2002.000000000
     2002.000000000              2002.000000000
     2002.000000000              2002.000000000
     2002.000000000              2002.000000000
     2002.000000000              2002.000000000
     2002.000000000              2002.000000000
     2002.000000000              2002.000000000
     2002.000000000              2002.000000000
     1355.000000000              2002.000000000
        0.000000000              2002.000000000
        0.000000000              2002.000000000
        0.000000000              2002.000000000
        0.000000000              2002.000000000
        0.000000000              2002.000000000
     1154.000000000              2002.000000000
     2002.000000000              2002.000000000
     2002.000000000              2002.000000000
     2002.000000000              2002.000000000
     2002.000000000              2002.000000000
     2002.000000000              2002.000000000
     2002.000000000              2002.000000000
     2002.000000000              2002.000000000
     2002.000000000              2002.000000000
     2002.000000000              2002.000000000
        0.000000000              2002.000000000
        0.000000000              2002.000000000
        0.000000000              2002.000000000
