
   PointCoverage.Sum   coveragePointGroup.NumberOfPoints
          None                        None
        0.000000000              1260.000000000
        0.000000000              1260.000000000
        0.000000000              1260.000000000
        0.000000000              1260.000000000
        0.000000000              1260.000000000
        0.000000000              1260.000000000
        0.000000000              1260.000000000
        0.000000000              1260.000000000
        0.000000000              1260.000000000
        0.000000000              1260.000000000
        0.000000000              1260.000000000
        0.000000000              1260.000000000
        0.000000000              1260.000000000
        0.000000000              1260.000000000
        0.000000000              1260.000000000
        0.000000000              1260.000000000
        0.000000000              1260.000000000
        0.000000000              1260.000000000
        0.000000000              1260.000000000
        0.000000000              1260.000000000
        0.000000000              1260.000000000
        0.000000000              1260.000000000
        0.000000000              1260.000000000
        0.000000000              1260.000000000
        0.000000000              1260.000000000
        0.000000000              1260.000000000
        0.000000000              1260.000000000
        0.000000000              1260.000000000
        0.000000000              1260.000000000
        0.000000000              1260.000000000
        0.000000000              1260.000000000
        0.000000000              1260.000000000
        0.000000000              1260.000000000
        0.000000000              1260.000000000
        0.000000000              1260.000000000
        0.000000000              1260.000000000
        0.000000000              1260.000000000
        0.000000000              1260.000000000
        0.000000000              1260.000000000
        0.000000000              1260.000000000
        0.000000000              1260.000000000
        0.000000000              1260.000000000
        0.000000000              1260.000000000
        0.000000000              1260.000000000
        0.000000000              1260.000000000
        0.000000000              1260.000000000
        0.000000000              1260.000000000
        0.000000000              1260.000000000
        0.000000000              1260.000000000
        0.000000000              1260.000000000
        0.000000000              1260.000000000
        0.000000000              1260.000000000
        0.000000000              1260.000000000
        0.000000000              1260.000000000
        0.000000000              1260.000000000
        0.000000000              1260.000000000
        0.000000000              1260.000000000
        0.000000000              1260.000000000
        0.000000000              1260.000000000
        0.000000000              1260.000000000
        0.000000000              1260.000000000
        0.000000000              1260.000000000
        0.000000000              1260.000000000
        0.000000000              1260.000000000
        0.000000000              1260.000000000
        0.000000000              1260.000000000
        0.000000000              1260.000000000
        0.000000000              1260.000000000
        0.000000000              1260.000000000
        0.000000000              1260.000000000
        0.000000000              1260.000000000
        0.000000000              1260.000000000
        0.000000000              1260.000000000
        0.000000000              1260.000000000
        0.000000000              1260.000000000
        0.000000000              1260.000000000
        0.000000000              1260.000000000
        0.000000000              1260.000000000
        0.000000000              1260.000000000
       10.000000000              1260.000000000
      113.000000000              1260.000000000
      267.000000000              1260.000000000
      449.000000000              1260.000000000
      643.000000000              1260.000000000
      835.000000000              1260.000000000
     1012.000000000              1260.000000000
     1159.000000000              1260.000000000
     1256.000000000              1260.000000000
     1260.000000000              1260.000000000
     1260.000000000              1260.000000000
     1260.000000000              1260.000000000
     1260.000000000              1260.000000000
     1260.000000000              1260.000000000
     1260.000000000              1260.000000000
     1260.000000000              1260.000000000
     1260.000000000              1260.000000000
     1260.000000000              1260.000000000
     1260.000000000              1260.000000000
     1260.000000000              1260.000000000
     1260.000000000              1260.000000000
     1260.000000000              1260.000000000
     1260.000000000              1260.000000000
     1260.000000000              1260.000000000
     1260.000000000              1260.000000000
     1260.000000000              1260.000000000
     1260.000000000              1260.000000000
     1260.000000000              1260.000000000
     1260.000000000              1260.000000000
     1260.000000000              1260.000000000
     1260.000000000              1260.000000000
     1260.000000000              1260.000000000
     1260.000000000              1260.000000000
     1260.000000000              1260.000000000
     1260.000000000              1260.000000000
     1260.000000000              1260.000000000
     1260.000000000              1260.000000000
     1260.000000000              1260.000000000
     1260.000000000              1260.000000000
     1260.000000000              1260.000000000
     1260.000000000              1260.000000000
     1260.000000000              1260.000000000
     1260.000000000              1260.000000000
     1260.000000000              1260.000000000
     1260.000000000              1260.000000000
     1260.000000000              1260.000000000
     1260.000000000              1260.000000000
     1260.000000000              1260.000000000
     1260.000000000              1260.000000000
     1260.000000000              1260.000000000
     1260.000000000              1260.000000000
     1260.000000000              1260.000000000
     1260.000000000              1260.000000000
     1260.000000000              1260.000000000
     1260.000000000              1260.000000000
     1260.000000000              1260.000000000
     1260.000000000              1260.000000000
     1260.000000000              1260.000000000
     1260.000000000              1260.000000000
     1260.000000000              1260.000000000
     1260.000000000              1260.000000000
     1260.000000000              1260.000000000
     1260.000000000              1260.000000000
     1260.000000000              1260.000000000
     1260.000000000              1260.000000000
     1260.000000000              1260.000000000
     1260.000000000              1260.000000000
     1260.000000000              1260.000000000
     1260.000000000              1260.000000000
     1260.000000000              1260.000000000
     1260.000000000              1260.000000000
     1260.000000000              1260.000000000
     1260.000000000              1260.000000000
     1260.000000000              1260.000000000
     1260.000000000              1260.000000000
     1260.000000000              1260.000000000
     1260.000000000              1260.000000000
     1260.000000000              1260.000000000
     1260.000000000              1260.000000000
     1250.000000000              1260.000000000
     1139.000000000              1260.000000000
      980.000000000              1260.000000000
      802.000000000              1260.000000000
      609.000000000              1260.000000000
      418.000000000              1260.000000000
      243.000000000              1260.000000000
       94.000000000              1260.000000000
        1.000000000              1260.000000000
        0.000000000              1260.000000000
        0.000000000              1260.000000000
        0.000000000              1260.000000000
        0.000000000              1260.000000000
        0.000000000              1260.000000000
        0.000000000              1260.000000000
        0.000000000              1260.000000000
        0.000000000              1260.000000000
        0.000000000              1260.000000000
        0.000000000              1260.000000000
        0.000000000              1260.000000000
        0.000000000              1260.000000000
        0.000000000              1260.000000000
        0.000000000              1260.000000000
        0.000000000              1260.000000000
        0.000000000              1260.000000000
        0.000000000              1260.000000000
        0.000000000              1260.000000000
        0.000000000              1260.000000000
        0.000000000              1260.000000000
        0.000000000              1260.000000000
        0.000000000              1260.000000000
        0.000000000              1260.000000000
        0.000000000              1260.000000000
        0.000000000              1260.000000000
        0.000000000              1260.000000000
        0.000000000              1260.000000000
        0.000000000              1260.000000000
        0.000000000              1260.000000000
        0.000000000              1260.000000000
        0.000000000              1260.000000000
        0.000000000              1260.000000000
        0.000000000              1260.000000000
        0.000000000              1260.000000000
        0.000000000              1260.000000000
        0.000000000              1260.000000000
        0.000000000              1260.000000000
        0.000000000              1260.000000000
        0.000000000              1260.000000000
        0.000000000              1260.000000000
        0.000000000              1260.000000000
        0.000000000              1260.000000000
        0.000000000              1260.000000000
        0.000000000              1260.000000000
        0.000000000              1260.000000000
        0.000000000              1260.000000000
        0.000000000              1260.000000000
        0.000000000              1260.000000000
        0.000000000              1260.000000000
        0.000000000              1260.000000000
        0.000000000              1260.000000000
        0.000000000              1260.000000000
        0.000000000              1260.000000000
        0.000000000              1260.000000000
        0.000000000              1260.000000000
        0.000000000              1260.000000000
        0.000000000              1260.000000000
        0.000000000              1260.000000000
        0.000000000              1260.000000000
        0.000000000              1260.000000000
        0.000000000              1260.000000000
        0.000000000              1260.000000000
        0.000000000              1260.000000000
        0.000000000              1260.000000000
        0.000000000              1260.000000000
        0.000000000              1260.000000000
        0.000000000              1260.000000000
        0.000000000              1260.000000000
        0.000000000              1260.000000000
        0.000000000              1260.000000000
        0.000000000              1260.000000000
        0.000000000              1260.000000000
        0.000000000              1260.000000000
        0.000000000              1260.000000000
        0.000000000              1260.000000000
        0.000000000              1260.000000000
        0.000000000              1260.000000000
        0.000000000              1260.000000000
        0.000000000              1260.000000000
        0.000000000              1260.000000000
        0.000000000              1260.000000000
        0.000000000              1260.000000000
        0.000000000              1260.000000000
        0.000000000              1260.000000000
        0.000000000              1260.000000000
        0.000000000              1260.000000000
        0.000000000              1260.000000000
        0.000000000              1260.000000000
        0.000000000              1260.000000000
        0.000000000              1260.000000000
        0.000000000              1260.000000000
        0.000000000              1260.000000000
        0.000000000              1260.000000000
        0.000000000              1260.000000000
        0.000000000              1260.000000000
        0.000000000              1260.000000000
        0.000000000              1260.000000000
        0.000000000              1260.000000000
        0.000000000              1260.000000000
        0.000000000              1260.000000000
        0.000000000              1260.000000000
        0.000000000              1260.000000000
        0.000000000              1260.000000000
        0.000000000              1260.000000000
        0.000000000              1260.000000000
        0.000000000              1260.000000000
        0.000000000              1260.000000000
        0.000000000              1260.000000000
        0.000000000              1260.000000000
        0.000000000              1260.000000000
        0.000000000              1260.000000000
        0.000000000              1260.000000000
        0.000000000              1260.000000000
        0.000000000              1260.000000000
        0.000000000              1260.000000000
        0.000000000              1260.000000000
        0.000000000              1260.000000000
        0.000000000              1260.000000000
        0.000000000              1260.000000000
        0.000000000              1260.000000000
        0.000000000              1260.000000000
        0.000000000              1260.000000000
        0.000000000              1260.000000000
        0.000000000              1260.000000000
        0.000000000              1260.000000000
        0.000000000              1260.000000000
        0.000000000              1260.000000000
        0.000000000              1260.000000000
        0.000000000              1260.000000000
        0.000000000              1260.000000000
        0.000000000              1260.000000000
        0.000000000              1260.000000000
        0.000000000              1260.000000000
        0.000000000              1260.000000000
        0.000000000              1260.000000000
        0.000000000              1260.000000000
        0.000000000              1260.000000000
        0.000000000              1260.000000000
        0.000000000              1260.000000000
        0.000000000              1260.000000000
        0.000000000              1260.000000000
        0.000000000              1260.000000000
        0.000000000              1260.000000000
        0.000000000              1260.000000000
        0.000000000              1260.000000000
        0.000000000              1260.000000000
        0.000000000              1260.000000000
        0.000000000              1260.000000000
        0.000000000              1260.000000000
        0.000000000              1260.000000000
        0.000000000              1260.000000000
        0.000000000              1260.000000000
        0.000000000              1260.000000000
        0.000000000              1260.000000000
        0.000000000              1260.000000000
        0.000000000              1260.000000000
        0.000000000              1260.000000000
        0.000000000              1260.000000000
        0.000000000              1260.000000000
        0.000000000              1260.000000000
        0.000000000              1260.000000000
        0.000000000              1260.000000000
        0.000000000              1260.000000000
        0.000000000              1260.000000000
        0.000000000              1260.000000000
        0.000000000              1260.000000000
        0.000000000              1260.000000000
        0.000000000              1260.000000000
        0.000000000              1260.000000000
        0.000000000              1260.000000000
        0.000000000              1260.000000000
        0.000000000              1260.000000000
        0.000000000              1260.000000000
        0.000000000              1260.000000000
        0.000000000              1260.000000000
        0.000000000              1260.000000000
        0.000000000              1260.000000000
        0.000000000              1260.000000000
        0.000000000              1260.000000000
        0.000000000              1260.000000000
        0.000000000              1260.000000000
        0.000000000              1260.000000000
        0.000000000              1260.000000000
        0.000000000              1260.000000000
        0.000000000              1260.000000000
        0.000000000              1260.000000000
        0.000000000              1260.000000000
        0.000000000              1260.000000000
        0.000000000              1260.000000000
        0.000000000              1260.000000000
        0.000000000              1260.000000000
        0.000000000              1260.000000000
        0.000000000              1260.000000000
        0.000000000              1260.000000000
        0.000000000              1260.000000000
        0.000000000              1260.000000000
        0.000000000              1260.000000000
        0.000000000              1260.000000000
        0.000000000              1260.000000000
        0.000000000              1260.000000000
        0.000000000              1260.000000000
        0.000000000              1260.000000000
        0.000000000              1260.000000000
        0.000000000              1260.000000000
        0.000000000              1260.000000000
        0.000000000              1260.000000000
        0.000000000              1260.000000000
        0.000000000              1260.000000000
        0.000000000              1260.000000000
        0.000000000              1260.000000000
        0.000000000              1260.000000000
        0.000000000              1260.000000000
        0.000000000              1260.000000000
        0.000000000              1260.000000000
        0.000000000              1260.000000000
        0.000000000              1260.000000000
        0.000000000              1260.000000000
