
   scFormation[((p * nSCsPerPlane) + j)].BLJ2RAAN
                         deg
                      0.000000000
                      0.000000000
                      0.000000000
                      0.000000000
                      0.000000000
                      0.000000000
                      0.000000000
                      0.000000000
                      0.000000000
                      0.000000000
                      0.000000000
                      0.000000000
                      0.000000000
                      0.000000000
                      0.000000000
                      0.000000000
                      0.000000000
                      0.000000000
                      0.000000000
                      0.000000000
                      0.000000000
                      0.000000000
                      0.000000000
                      0.000000000
                      0.000000000
                      0.000000000
                      0.000000000
                      0.000000000
                      0.000000000
                      0.000000000
                      0.000000000
                      0.000000000
                     72.000000000
                     72.000000000
                     72.000000000
                     72.000000000
                     72.000000000
                     72.000000000
                     72.000000000
                     72.000000000
                     72.000000000
                     72.000000000
                     72.000000000
                     72.000000000
                     72.000000000
                     72.000000000
                     72.000000000
                     72.000000000
                     72.000000000
                     72.000000000
                     72.000000000
                     72.000000000
                     72.000000000
                     72.000000000
                     72.000000000
                     72.000000000
                     72.000000000
                     72.000000000
                     72.000000000
                     72.000000000
                     72.000000000
                     72.000000000
                     72.000000000
                     72.000000000
                    144.000000000
                    144.000000000
                    144.000000000
                    144.000000000
                    144.000000000
                    144.000000000
                    144.000000000
                    144.000000000
                    144.000000000
                    144.000000000
                    144.000000000
                    144.000000000
                    144.000000000
                    144.000000000
                    144.000000000
                    144.000000000
                    144.000000000
                    144.000000000
                    144.000000000
                    144.000000000
                    144.000000000
                    144.000000000
                    144.000000000
                    144.000000000
                    144.000000000
                    144.000000000
                    144.000000000
                    144.000000000
                    144.000000000
                    144.000000000
                    144.000000000
                    144.000000000
                    216.000000000
                    216.000000000
                    216.000000000
                    216.000000000
                    216.000000000
                    216.000000000
                    216.000000000
                    216.000000000
                    216.000000000
                    216.000000000
                    216.000000000
                    216.000000000
                    216.000000000
                    216.000000000
                    216.000000000
                    216.000000000
                    216.000000000
                    216.000000000
                    216.000000000
                    216.000000000
                    216.000000000
                    216.000000000
                    216.000000000
                    216.000000000
                    216.000000000
                    216.000000000
                    216.000000000
                    216.000000000
                    216.000000000
                    216.000000000
                    216.000000000
                    216.000000000
                    288.000000000
                    288.000000000
                    288.000000000
                    288.000000000
                    288.000000000
                    288.000000000
                    288.000000000
                    288.000000000
                    288.000000000
                    288.000000000
                    288.000000000
                    288.000000000
                    288.000000000
                    288.000000000
                    288.000000000
                    288.000000000
                    288.000000000
                    288.000000000
                    288.000000000
                    288.000000000
                    288.000000000
                    288.000000000
                    288.000000000
                    288.000000000
                    288.000000000
                    288.000000000
                    288.000000000
                    288.000000000
                    288.000000000
                    288.000000000
                    288.000000000
                    288.000000000
