
   scFormation[((p * nSCsPerPlane) + j)].BLJ2W
                       deg
                     0.000000000
                     0.000000000
                     0.000000000
                     0.000000000
                     0.000000000
                     0.000000000
                     0.000000000
                     0.000000000
                     0.000000000
                     0.000000000
                     0.000000000
                     0.000000000
                     0.000000000
                     0.000000000
                     0.000000000
                     0.000000000
                     0.000000000
                     0.000000000
                     0.000000000
                     0.000000000
                     0.000000000
                     0.000000000
                     0.000000000
                     0.000000000
                     0.000000000
                     0.000000000
                     0.000000000
                     0.000000000
                     0.000000000
                     0.000000000
                     0.000000000
                     0.000000000
                     0.000000000
                     0.000000000
                     0.000000000
                     0.000000000
                     0.000000000
                     0.000000000
                     0.000000000
                     0.000000000
                     0.000000000
                     0.000000000
                     0.000000000
                     0.000000000
                     0.000000000
                     0.000000000
                     0.000000000
                     0.000000000
                     0.000000000
                     0.000000000
                     0.000000000
                     0.000000000
                     0.000000000
                     0.000000000
                     0.000000000
                     0.000000000
                     0.000000000
                     0.000000000
                     0.000000000
                     0.000000000
                     0.000000000
                     0.000000000
                     0.000000000
                     0.000000000
                     0.000000000
                     0.000000000
                     0.000000000
                     0.000000000
                     0.000000000
                     0.000000000
                     0.000000000
                     0.000000000
                     0.000000000
                     0.000000000
                     0.000000000
                     0.000000000
                     0.000000000
                     0.000000000
                     0.000000000
                     0.000000000
                     0.000000000
                     0.000000000
                     0.000000000
                     0.000000000
                     0.000000000
                     0.000000000
                     0.000000000
                     0.000000000
                     0.000000000
                     0.000000000
                     0.000000000
                     0.000000000
                     0.000000000
                     0.000000000
                     0.000000000
                     0.000000000
                     0.000000000
                     0.000000000
                     0.000000000
                     0.000000000
                     0.000000000
                     0.000000000
                     0.000000000
                     0.000000000
                     0.000000000
                     0.000000000
                     0.000000000
                     0.000000000
                     0.000000000
                     0.000000000
                     0.000000000
                     0.000000000
                     0.000000000
                     0.000000000
                     0.000000000
                     0.000000000
                     0.000000000
                     0.000000000
                     0.000000000
                     0.000000000
                     0.000000000
                     0.000000000
                     0.000000000
                     0.000000000
                     0.000000000
                     0.000000000
                     0.000000000
                     0.000000000
                     0.000000000
                     0.000000000
                     0.000000000
                     0.000000000
                     0.000000000
                     0.000000000
                     0.000000000
                     0.000000000
                     0.000000000
                     0.000000000
                     0.000000000
                     0.000000000
                     0.000000000
                     0.000000000
                     0.000000000
                     0.000000000
                     0.000000000
                     0.000000000
                     0.000000000
                     0.000000000
                     0.000000000
                     0.000000000
                     0.000000000
                     0.000000000
                     0.000000000
                     0.000000000
                     0.000000000
                     0.000000000
                     0.000000000
                     0.000000000
                     0.000000000
                     0.000000000
