r_answer = [1.0e+03* -4.1457, 2.2905, 6.4519]

v_answer = [6.4407 2.2749 2.6167]

r_abs = 8.0037e+03

v_abs = 7.3147

